Gen   ID    Origin   Composition    Enthalpy   Volume  Density   Fitness   KPOINTS  SYMM  Q_entr A_order S_order
                                      (eV)     (A^3)  (g/cm^3)
  1    5   Random    [   4  8 16 ]  -652.220   201.291   4.694   -652.220  [ 1  1  1]   1  0.171  3.106  2.505
  2   59   Random    [   4  8 16 ]  -652.921   201.212   4.696   -652.921  [ 1  1  1]   6  0.226  3.099  2.205
  3  118 Permutate   [   4  8 16 ]  -652.921   201.212   4.696   -652.921  [ 1  1  1]   6  0.226  3.099  2.205
  4  174 keptBest    [   4  8 16 ]  -652.921   201.212   4.696   -652.921  [ 1  1  1]   6  0.226  3.099  2.205
  5  221 keptBest    [   4  8 16 ]  -652.921   201.212   4.696   -652.921  [ 1  1  1]   6  0.226  3.099  2.205
  6  266 keptBest    [   4  8 16 ]  -652.921   201.212   4.696   -652.921  [ 1  1  1]   6  0.226  3.099  2.205
  7  312 keptBest    [   4  8 16 ]  -652.921   201.212   4.696   -652.921  [ 1  1  1]   6  0.226  3.099  2.205
  8  358 keptBest    [   4  8 16 ]  -652.921   201.212   4.696   -652.921  [ 1  1  1]   6  0.226  3.099  2.205
  9  398 softmutate  [   4  8 16 ]  -652.921   201.212   4.696   -652.921  [ 1  1  1]   6  0.226  3.099  2.205
 10  436   RandTop   [   4  8 16 ]  -653.565   201.404   4.692   -653.565  [ 1  1  1]  63  0.090  3.655  3.206
 11  496 keptBest    [   4  8 16 ]  -653.565   201.404   4.692   -653.565  [ 1  1  1]  63  0.090  3.655  3.206
 12  542 keptBest    [   4  8 16 ]  -653.565   201.404   4.692   -653.565  [ 1  1  1]  63  0.090  3.655  3.206
 13  586 softmutate  [   4  8 16 ]  -653.565   201.404   4.692   -653.565  [ 1  1  1]  63  0.090  3.655  3.206
 14  634 keptBest    [   4  8 16 ]  -653.565   201.404   4.692   -653.565  [ 1  1  1]  63  0.090  3.655  3.206
 15  673 Permutate   [   4  8 16 ]  -653.565   201.404   4.692   -653.565  [ 1  1  1]  63  0.090  3.655  3.206
 16  698  Heredity   [   4  8 16 ]  -653.565   201.404   4.692   -653.565  [ 1  1  1]  63  0.090  3.655  3.206
 17  773 keptBest    [   4  8 16 ]  -653.565   201.404   4.692   -653.565  [ 1  1  1]  63  0.090  3.655  3.206
 18  806 softmutate  [   4  8 16 ]  -653.565   201.404   4.692   -653.565  [ 1  1  1]  63  0.090  3.655  3.206
 19  862 softmutate  [   4  8 16 ]  -653.565   201.404   4.692   -653.565  [ 1  1  1]  63  0.090  3.655  3.206
 20  911 keptBest    [   4  8 16 ]  -653.565   201.404   4.692   -653.565  [ 1  1  1]  63  0.090  3.655  3.206
 21  957 keptBest    [   4  8 16 ]  -653.565   201.404   4.692   -653.565  [ 1  1  1]  63  0.090  3.655  3.206
 22 1004 keptBest    [   4  8 16 ]  -653.565   201.404   4.692   -653.565  [ 1  1  1]  63  0.090  3.655  3.206
 23 1047 softmutate  [   4  8 16 ]  -655.062   201.062   4.700   -655.062  [ 1  1  1]  62  0.140  3.199  2.640
 24 1096 keptBest    [   4  8 16 ]  -655.062   201.062   4.700   -655.062  [ 1  1  1]  62  0.140  3.199  2.640
 25 1143 keptBest    [   4  8 16 ]  -655.062   201.062   4.700   -655.062  [ 1  1  1]  62  0.140  3.199  2.640
 26 1154  Heredity   [   4  8 16 ]  -655.062   201.062   4.700   -655.062  [ 1  1  1]  62  0.140  3.199  2.640
 27 1236 keptBest    [   4  8 16 ]  -655.062   201.062   4.700   -655.062  [ 1  1  1]  62  0.140  3.199  2.640
 28 1282 keptBest    [   4  8 16 ]  -655.062   201.062   4.700   -655.062  [ 1  1  1]  62  0.140  3.199  2.640
 29 1328 keptBest    [   4  8 16 ]  -655.062   201.062   4.700   -655.062  [ 1  1  1]  62  0.140  3.199  2.640
 30 1374 keptBest    [   4  8 16 ]  -655.062   201.062   4.700   -655.062  [ 1  1  1]  62  0.140  3.199  2.640
 31 1420 keptBest    [   4  8 16 ]  -655.062   201.062   4.700   -655.062  [ 1  1  1]  62  0.140  3.199  2.640
 32 1466 keptBest    [   4  8 16 ]  -655.062   201.062   4.700   -655.062  [ 1  1  1]  62  0.140  3.199  2.640
 33 1483  Heredity   [   4  8 16 ]  -655.062   201.062   4.700   -655.062  [ 1  1  1]  62  0.140  3.199  2.640
 34 1559 keptBest    [   4  8 16 ]  -655.062   201.062   4.700   -655.062  [ 1  1  1]  62  0.140  3.199  2.640
 35 1605 keptBest    [   4  8 16 ]  -655.062   201.062   4.700   -655.062  [ 1  1  1]  62  0.140  3.199  2.640
 36 1632   RandTop   [   4  8 16 ]  -655.062   201.062   4.700   -655.062  [ 1  1  1]  62  0.140  3.199  2.640
 37 1659  Heredity   [   4  8 16 ]  -655.062   201.062   4.700   -655.062  [ 1  1  1]  62  0.140  3.199  2.640
 38 1744 keptBest    [   4  8 16 ]  -655.062   201.062   4.700   -655.062  [ 1  1  1]  62  0.140  3.199  2.640
 39 1791 keptBest    [   4  8 16 ]  -655.062   201.062   4.700   -655.062  [ 1  1  1]  62  0.140  3.199  2.640
 40 1838 keptBest    [   4  8 16 ]  -655.062   201.062   4.700   -655.062  [ 1  1  1]  62  0.140  3.199  2.640
 41 1878 softmutate  [   4  8 16 ]  -655.062   201.062   4.700   -655.062  [ 1  1  1]  62  0.140  3.199  2.640
 42 1931 keptBest    [   4  8 16 ]  -655.062   201.062   4.700   -655.062  [ 1  1  1]  62  0.140  3.199  2.640
 43 1978 keptBest    [   4  8 16 ]  -655.062   201.062   4.700   -655.062  [ 1  1  1]  62  0.140  3.199  2.640
 44 2024 keptBest    [   4  8 16 ]  -655.062   201.062   4.700   -655.062  [ 1  1  1]  62  0.140  3.199  2.640
 45 2070 keptBest    [   4  8 16 ]  -655.062   201.062   4.700   -655.062  [ 1  1  1]  62  0.140  3.199  2.640
 46 2117 keptBest    [   4  8 16 ]  -655.062   201.062   4.700   -655.062  [ 1  1  1]  62  0.140  3.199  2.640
 47 2152 Permutate   [   4  8 16 ]  -655.062   201.062   4.700   -655.062  [ 1  1  1]   1  0.140  3.199  2.640
 48 2207 softmutate  [   4  8 16 ]  -655.062   201.062   4.700   -655.062  [ 1  1  1]  62  0.140  3.199  2.640
 49 2255 keptBest    [   4  8 16 ]  -655.062   201.062   4.700   -655.062  [ 1  1  1]  62  0.140  3.199  2.640
 50 2301 keptBest    [   4  8 16 ]  -655.062   201.062   4.700   -655.062  [ 1  1  1]  62  0.140  3.199  2.640
 51 2348 keptBest    [   4  8 16 ]  -655.062   201.062   4.700   -655.062  [ 1  1  1]  62  0.140  3.199  2.640
 52 2394 keptBest    [   4  8 16 ]  -655.062   201.062   4.700   -655.062  [ 1  1  1]  62  0.140  3.199  2.640
