-649.898 -649.897 -649.897 -649.968
-649.749 -649.749 -649.749 -649.821
-648.289 -648.289 -648.289 -648.368
-651.524 -651.805 -651.805 -651.877
-626.272 -652.146 -652.146 -652.220
-644.787 -644.787 -644.787 -644.877
-649.595 -649.595 -649.595 -649.677
-647.726 -647.726 -647.726 -647.792
-647.648 -647.648 -647.648 -647.736
-650.330 -650.330 -650.330 -650.402
-642.937 -642.937 -642.937 -643.014
-531.582 -645.477 -645.477 -645.556
-641.253 -641.253 -641.253 -641.341
-650.132 -650.132 -650.132 -650.209
-645.333 -645.333 -645.333 -645.416
-644.789 -644.789 -644.789 -644.871
-648.125 -649.537 -649.537 -649.613
-651.972 -651.972 -651.972 -652.042
-648.155 -648.155 -648.155 -648.244
-646.592 -646.592 -646.592 -646.678
-644.542 -644.542 -644.542 -644.622
-649.096 -649.307 -649.307 -649.379
-649.110 -649.110 -649.110 -649.193
-651.318 -651.318 -651.318 -651.391
-647.968 -647.968 -647.968 -648.047
-647.534 -647.534 -647.534 -647.609
-649.012 -649.012 -649.012 -649.091
-649.464 -649.464 -649.464 -649.551
-645.604 -645.604 -645.604 -645.676
-649.464 -649.464 -649.464 -649.551
-641.825 -649.394 -649.394 -649.459
-650.530 -650.530 -650.530 -650.612
-647.671 -647.671 -647.671 -647.749
-644.583 -644.583 -644.583 -644.693
-648.036 -648.036 -648.036 -648.118
-649.899 -649.899 -649.899 -649.971
-648.254 -648.254 -648.254 -648.335
-647.968 -647.968 -647.968 -648.047
-631.351 -631.351 -631.351 -631.421
-647.407 -647.441 -647.441 -647.522
-652.179 -652.179 -652.179 -652.253
-646.625 -646.684 -646.684 -646.758
-649.276 -649.276 -649.276 -649.354
-649.702 -649.701 -649.701 -649.769
-648.610 -648.610 -648.610 -648.694
-651.403 -651.403 -651.403 -651.475
-643.251 -643.251 -643.251 -643.326
-642.773 -644.996 -645.154 -645.247
-649.980 -649.980 -649.980 -650.049
-644.804 -644.804 -644.804 -644.880
-646.714 -646.714 -646.714 -646.788
-647.497 -647.497 -647.497 -647.580
-642.512 -642.512 -642.512 -642.589
-644.112 -644.111 -644.111 -644.200
-647.104 -647.146 -647.146 -647.229
-649.511 -649.511 -649.511 -649.585
-650.047 -650.111 -650.111 -650.183
-642.513 -642.513 -642.513 -642.601
-652.846 -652.846 -652.846 -652.921
-642.506 -642.657 -642.657 -642.740
-644.288 -644.288 -644.288 -644.375
-651.618 -651.618 -651.618 -651.692
-647.719 -647.719 -647.719 -647.801
-642.921 -642.921 -642.921 -643.007
-648.682 -648.682 -648.682 -648.760
-651.256 -651.256 -651.256 -651.326
-651.256 -651.256 -651.256 -651.326
-647.237 -647.237 -647.237 -647.319
-647.968 -647.968 -647.968 -648.047
-629.993 -629.993 -629.993 -630.062
-646.387 -646.387 -646.387 -646.467
-648.467 -648.467 -648.467 -648.543
-645.891 -645.891 -645.891 -645.984
-651.318 -651.318 -651.318 -651.391
-646.115 -647.445 -647.680 -647.763
-648.289 -648.289 -648.289 -648.368
-645.005 -645.005 -645.005 -645.081
-651.454 -651.454 -651.454 -651.525
-649.515 -649.515 -649.515 -649.587
-641.253 -641.253 -641.253 -641.341
-626.272 -652.146 -652.146 -652.220
-651.972 -651.972 -651.972 -652.042
-651.318 -651.318 -651.318 -651.391
-650.530 -650.530 -650.530 -650.612
-641.825 -649.394 -649.394 -649.459
-648.289 -648.289 -648.289 -648.368
-648.644 -648.644 -648.644 -648.729
-648.111 -648.111 -648.111 -648.190
-640.154 -640.154 -640.154 -640.246
-643.443 -643.443 -643.443 -643.520
-647.095 -647.239 -647.239 -647.319
-644.667 -644.667 -644.667 -644.749
-648.131 -648.131 -648.131 -648.217
-650.519 -650.519 -650.519 -650.593
-645.493 -645.493 -645.493 -645.579
-652.179 -652.179 -652.179 -652.253
-648.311 -648.562 -648.562 -648.640
-645.586 -645.586 -645.586 -645.670
-650.467 -650.467 -650.467 -650.541
-646.188 -646.188 -646.188 -646.272
-651.972 -651.972 -651.972 -652.042
-644.616 -644.616 -644.616 -644.698
-646.660 -646.660 -646.660 -646.737
-647.183 -647.183 -647.183 -647.260
-651.211 -651.211 -651.211 -651.282
-650.111 -650.111 -650.111 -650.183
-650.020 -650.020 -650.020 -650.086
-645.437 -645.437 -645.437 -645.522
-553.628 -645.766 -645.766 -645.852
-649.578 -649.578 -649.578 -649.650
-645.390 -645.390 -645.390 -645.461
-648.054 -648.054 -648.054 -648.138
-648.263 -649.394 -649.394 -649.459
-647.962 -649.258 -649.258 -649.335
-648.706 -648.706 -648.706 -648.793
-645.078 -645.078 -645.078 -645.152
-651.231 -651.231 -651.231 -651.304
-652.846 -652.846 -652.846 -652.921
-646.019 -646.019 -646.019 -646.102
-645.764 -645.764 -645.764 -645.862
-648.644 -648.644 -648.644 -648.731
-650.677 -650.677 -650.677 -650.747
-646.608 -646.608 -646.608 -646.698
-649.223 -649.223 -649.223 -649.295
-647.222 -647.914 -647.914 -647.992
-645.314 -645.314 -645.314 -645.405
-647.073 -647.073 -647.073 -647.165
-652.846 -652.846 -652.846 -652.921
-652.179 -652.179 -652.179 -652.253
-651.972 -651.972 -651.972 -652.042
-650.530 -650.530 -650.530 -650.612
-649.702 -649.701 -649.701 -649.769
-648.682 -648.682 -648.682 -648.760
-647.545 -647.545 -647.545 -647.628
-648.444 -648.444 -648.444 -648.533
-650.892 -650.892 -650.892 -650.967
-649.542 -649.542 -649.542 -649.610
-643.289 -643.289 -643.289 -643.380
-648.514 -648.514 -648.514 -648.608
-645.197 -645.197 -645.197 -645.285
-644.165 -644.165 -644.165 -644.253
-648.814 -648.814 -648.814 -648.899
-648.705 -648.837 -649.309 -649.390
-645.489 -645.489 -645.489 -645.568
-647.539 -647.539 -647.539 -647.617
-646.398 -646.398 -646.398 -646.474
-647.932 -648.704 -648.703 -648.786
-650.849 -650.849 -650.849 -650.921
-649.578 -649.578 -649.578 -649.650
-646.811 -646.811 -646.811 -646.890
-646.597 -646.597 -646.597 -646.672
-645.201 -645.201 -645.201 -645.293
-651.318 -651.318 -651.318 -651.391
-647.010 -647.273 -647.273 -647.345
-644.312 -644.312 -644.312 -644.402
-646.361 -646.361 -646.361 -646.440
-647.726 -647.726 -647.726 -647.792
-643.259 -643.259 -643.259 -643.347
-648.648 -648.991 -648.991 -649.070
-647.968 -647.968 -647.968 -648.047
-651.256 -651.256 -651.256 -651.326
-647.923 -647.923 -647.923 -648.001
-643.716 -643.716 -643.716 -643.788
-646.560 -646.560 -646.560 -646.643
-648.977 -648.977 -648.977 -649.044
-652.688 -652.688 -652.688 -652.762
-652.146 -652.146 -652.146 -652.220
-650.467 -650.467 -650.467 -650.541
-649.886 -649.886 -649.886 -649.958
-650.140 -650.302 -650.302 -650.381
-623.299 -647.835 -647.835 -647.919
-648.344 -648.404 -648.404 -648.480
-649.311 -649.394 -649.394 -649.459
-652.846 -652.846 -652.846 -652.921
-652.179 -652.179 -652.179 -652.253
-651.972 -651.972 -651.972 -652.042
-651.231 -651.231 -651.231 -651.304
-648.263 -649.394 -649.394 -649.459
-648.706 -648.706 -648.706 -648.793
-644.036 -644.036 -644.036 -644.121
-647.379 -647.379 -647.379 -647.475
-652.242 -652.242 -652.242 -652.311
-649.692 -649.692 -649.692 -649.777
-651.256 -651.256 -651.256 -651.326
-652.146 -652.146 -652.146 -652.220
-647.102 -647.102 -647.102 -647.192
-648.757 -648.757 -648.757 -648.837
-651.156 -651.156 -651.156 -651.231
-646.347 -646.347 -646.347 -646.430
-646.502 -646.502 -646.502 -646.584
-646.306 -646.306 -646.306 -646.386
-646.489 -646.489 -646.489 -646.572
-645.456 -645.456 -645.456 -645.543
-644.038 -644.038 -644.037 -644.126
-648.847 -648.847 -648.847 -648.924
-644.484 -644.484 -644.484 -644.564
-643.766 -643.766 -643.766 -643.849
-648.706 -648.706 -648.706 -648.793
-646.133 -646.133 -646.133 -646.211
-643.341 -643.341 -643.341 -643.426
-647.726 -647.726 -647.726 -647.792
-651.197 -651.197 -651.197 -651.267
-647.081 -647.081 -647.081 -647.162
-647.278 -647.278 -647.278 -647.369
-648.706 -648.706 -648.706 -648.793
-642.782 -642.782 -642.782 -642.866
-650.324 -650.324 -650.324 -650.402
-651.399 -651.399 -651.399 -651.470
-649.731 -649.731 -649.731 -649.801
-649.448 -649.448 -649.448 -649.520
-648.200 -648.200 -648.200 -648.279
-644.070 -645.049 -645.937 -647.762
-647.812 -647.812 -647.812 -647.889
-649.534 -649.534 -649.534 -649.602
-648.546 -651.027 -651.027 -651.102
-648.886 -648.886 -648.886 -648.964
-646.870 -647.025 -647.025 -647.104
-649.487 -649.487 -649.487 -649.557
-649.114 -649.114 -649.114 -649.183
-644.114 -647.943 -648.239 -648.710
-652.846 -652.846 -652.846 -652.921
-652.179 -652.179 -652.179 -652.253
-651.972 -651.972 -651.972 -652.042
-651.318 -651.318 -651.318 -651.391
-651.231 -651.231 -651.231 -651.304
-650.140 -650.302 -650.302 -650.381
-650.628 -650.628 -650.628 -650.699
-644.300 -644.300 -644.300 -644.378
-648.424 -648.424 -648.424 -648.504
-644.709 -644.709 -644.709 -644.800
-648.265 -648.265 -648.265 -648.348
-648.695 -648.695 -648.695 -648.776
-648.048 -648.048 -648.048 -648.141
-649.851 -649.939 -649.939 -650.015
-651.605 -651.605 -651.605 -651.676
-646.752 -646.752 -646.752 -646.837
-648.683 -648.683 -648.683 -648.758
-651.831 -651.831 -651.831 -651.904
-644.725 -644.725 -644.725 -644.800
-649.041 -649.040 -649.040 -649.107
-648.236 -648.236 -648.236 -648.309
-648.977 -648.977 -648.977 -649.044
-535.176 -649.227 -649.227 -649.299
-649.731 -649.731 -649.731 -649.801
-651.231 -651.231 -651.231 -651.304
-649.964 -649.964 -649.964 -650.036
-649.564 -649.564 -649.564 -649.638
-651.831 -651.831 -651.831 -651.904
-646.397 -646.397 -646.397 -646.470
-649.762 -649.762 -649.762 -649.836
-650.915 -650.915 -650.915 -650.989
-652.179 -652.179 -652.179 -652.253
-650.777 -650.776 -650.776 -650.846
-649.582 -649.582 -649.582 -649.667
-648.940 -648.940 -648.940 -649.017
-650.786 -650.786 -650.786 -650.858
-649.457 -649.457 -649.457 -649.542
-652.292 -652.292 -652.292 -652.365
-649.687 -649.687 -649.687 -649.758
-649.887 -649.887 -649.887 -649.968
-650.302 -650.302 -650.302 -650.381
-645.340 -645.340 -645.340 -645.426
-647.968 -647.968 -647.968 -648.047
-647.503 -647.503 -647.503 -647.571
-650.302 -650.302 -650.302 -650.381
-652.846 -652.846 -652.846 -652.921
-652.242 -652.242 -652.242 -652.311
-651.972 -651.972 -651.972 -652.042
-651.231 -651.231 -651.231 -651.304
-650.140 -650.302 -650.302 -650.381
-649.692 -649.692 -649.692 -649.777
-651.814 -651.894 -651.894 -651.972
-647.047 -647.047 -647.047 -647.134
-646.714 -646.747 -646.747 -646.829
-649.276 -649.276 -649.276 -649.349
-649.762 -649.762 -649.762 -649.836
-648.645 -648.645 -648.645 -648.728
-648.166 -648.166 -648.166 -648.245
-649.081 -649.081 -649.081 -649.173
-647.684 -647.684 -647.684 -647.757
-652.678 -652.678 -652.678 -652.751
-648.954 -648.954 -648.954 -649.023
-641.413 -641.413 -641.413 -641.507
-643.287 -643.287 -643.287 -643.372
-646.040 -646.040 -646.040 -646.126
-649.081 -649.081 -649.081 -649.171
-650.067 -650.067 -650.067 -650.136
-650.302 -650.302 -650.302 -650.381
-644.363 -644.363 -644.363 -644.447
-646.792 -646.792 -646.792 -646.871
-646.140 -646.140 -646.140 -646.227
-652.060 -652.060 -652.060 -652.131
-642.493 -642.493 -642.493 -642.592
-641.532 -642.158 -642.227 -642.322
-648.605 -648.619 -648.619 -648.690
-647.433 -647.669 -647.669 -647.754
-649.176 -649.176 -649.176 -649.246
-641.186 -641.631 -641.837 -643.102
-651.944 -651.944 -651.944 -652.018
-652.242 -652.242 -652.242 -652.311
-650.602 -650.602 -650.602 -650.677
-649.497 -649.497 -649.497 -649.569
-650.611 -650.611 -650.611 -650.683
-649.139 -649.139 -649.139 -649.212
-648.898 -648.898 -648.898 -648.963
-645.968 -645.968 -645.968 -646.038
-649.886 -649.886 -649.886 -649.971
-644.175 -644.230 -644.230 -644.313
-649.784 -649.784 -649.784 -649.863
-652.003 -652.003 -652.003 -652.073
-650.574 -651.180 -651.180 -651.252
-652.846 -652.846 -652.846 -652.921
-652.292 -652.292 -652.292 -652.365
-651.972 -651.972 -651.972 -652.042
-651.231 -651.231 -651.231 -651.304
-650.302 -650.302 -650.302 -650.381
-649.041 -649.040 -649.040 -649.107
-651.816 -651.816 -651.816 -651.892
-641.320 -641.320 -641.320 -641.412
-650.647 -650.647 -650.647 -650.718
-650.923 -650.923 -650.923 -650.995
-649.471 -649.471 -649.471 -649.545
-650.214 -650.214 -650.214 -650.285
-645.267 -645.267 -645.267 -645.354
-648.472 -648.472 -648.472 -648.554
-648.700 -648.700 -648.700 -648.770
-647.887 -647.887 -647.887 -647.974
-647.210 -647.210 -647.210 -647.297
-650.139 -650.139 -650.139 -650.209
-646.677 -646.677 -646.677 -646.753
-649.368 -649.368 -649.368 -649.444
-650.602 -650.602 -650.602 -650.677
-643.550 -643.549 -643.549 -643.638
-648.481 -648.481 -648.481 -648.560
-645.435 -645.435 -645.435 -645.516
-646.592 -646.592 -646.592 -646.678
-649.569 -649.569 -649.569 -649.654
-646.389 -646.389 -646.389 -646.472
-649.637 -649.637 -649.637 -649.703
-646.269 -646.269 -646.269 -646.350
-645.030 -645.030 -645.030 -645.115
-647.508 -647.508 -647.508 -647.597
-647.990 -647.990 -647.990 -648.075
-649.464 -649.464 -649.464 -649.551
-649.686 -649.686 -649.686 -649.749
-644.905 -644.905 -644.905 -644.995
-642.371 -642.371 -642.371 -642.449
-649.574 -649.574 -649.574 -649.649
-650.302 -650.302 -650.302 -650.381
-646.721 -647.101 -647.261 -647.340
-650.541 -650.541 -650.541 -650.612
-651.944 -651.944 -651.944 -652.018
-649.253 -649.253 -649.253 -649.332
-643.453 -643.453 -643.453 -643.538
-651.972 -651.972 -651.972 -652.042
-643.027 -646.100 -646.100 -646.181
-647.777 -648.096 -648.096 -648.188
-652.846 -652.846 -652.846 -652.921
-652.292 -652.292 -652.292 -652.365
-651.972 -651.972 -651.972 -652.042
-651.231 -651.231 -651.231 -651.304
-650.302 -650.302 -650.302 -650.381
-650.067 -650.067 -650.067 -650.136
-647.177 -647.177 -647.177 -647.274
-643.827 -643.827 -643.827 -643.917
-646.003 -646.003 -646.003 -646.097
-649.496 -649.496 -649.496 -649.568
-645.774 -645.774 -645.774 -645.864
-649.687 -649.687 -649.687 -649.767
-643.051 -643.050 -643.050 -643.142
-649.146 -649.146 -649.146 -649.218
-648.694 -648.694 -648.694 -648.781
-648.977 -648.977 -648.977 -649.043
-644.362 -644.362 -644.362 -644.456
-649.713 -649.713 -649.713 -649.790
-645.635 -645.635 -645.635 -645.715
-648.383 -648.383 -648.383 -648.462
-646.617 -646.617 -646.617 -646.692
-641.224 -643.415 -643.415 -643.509
-642.705 -642.704 -642.704 -642.796
-651.972 -651.972 -651.972 -652.042
-648.997 -648.997 -648.997 -649.082
-643.973 -643.973 -643.973 -644.050
-647.096 -647.096 -647.096 -647.176
-645.569 -645.569 -645.569 -645.642
-647.361 -647.361 -647.361 -647.454
-648.088 -648.087 -648.087 -648.170
-647.047 -647.047 -647.047 -647.130
-648.270 -648.270 -648.270 -648.346
-649.464 -649.464 -649.464 -649.551
-646.536 -646.536 -646.535 -646.631
-647.726 -647.726 -647.726 -647.792
-650.539 -650.539 -650.539 -650.617
-651.816 -651.816 -651.816 -651.892
-646.589 -646.589 -646.589 -646.675
-650.370 -650.370 -650.370 -650.442
-645.561 -645.561 -645.561 -645.659
-652.846 -652.846 -652.846 -652.921
-649.919 -649.919 -649.919 -649.989
-644.693 -644.693 -644.693 -644.783
-650.067 -650.067 -650.067 -650.136
-649.410 -649.410 -649.410 -649.480
-649.977 -649.977 -649.977 -650.047
-652.846 -652.846 -652.846 -652.921
-652.292 -652.292 -652.292 -652.365
-651.972 -651.972 -651.972 -652.042
-651.231 -651.231 -651.231 -651.304
-650.302 -650.302 -650.302 -650.381
-650.139 -650.139 -650.139 -650.209
-650.302 -650.302 -650.302 -650.381
-649.110 -649.110 -649.110 -649.191
-646.674 -646.674 -646.674 -646.757
-648.102 -648.102 -648.102 -648.185
-644.458 -644.458 -644.458 -644.542
-649.367 -649.367 -649.367 -649.437
-651.425 -651.425 -651.425 -651.498
-649.191 -649.191 -649.191 -649.266
-649.844 -650.004 -650.004 -650.077
-643.902 -643.902 -643.902 -643.989
-644.483 -644.483 -644.483 -644.568
-648.415 -648.415 -648.415 -648.506
-648.759 -648.759 -648.759 -648.850
-647.884 -647.884 -647.884 -647.965
-645.921 -645.921 -645.921 -646.000
-646.136 -646.136 -646.136 -646.228
-641.502 -644.073 -644.184 -644.292
-648.462 -648.462 -648.462 -648.538
-647.726 -647.726 -647.726 -647.792
-645.381 -648.734 -648.734 -648.805
-649.667 -649.959 -649.959 -650.051
-650.773 -650.773 -650.773 -650.861
-647.788 -647.788 -647.788 -647.863
-647.481 -647.481 -647.481 -647.559
-646.689 -646.689 -646.689 -646.761
-643.534 -643.534 -643.534 -643.623
-652.700 -653.254 -653.490 -653.565
-651.972 -651.972 -651.972 -652.042
-651.209 -651.209 -651.209 -651.283
-649.977 -649.977 -649.977 -650.047
-650.539 -650.539 -650.539 -650.617
-643.982 -648.948 -648.948 -649.038
-652.179 -652.179 -652.179 -652.253
-652.146 -652.146 -652.146 -652.220
-649.034 -649.034 -649.034 -649.129
-646.458 -649.886 -649.886 -649.958
-648.169 -648.169 -648.169 -648.243
-652.179 -652.179 -652.179 -652.253
-638.296 -647.547 -647.547 -647.635
-652.846 -652.846 -652.846 -652.921
-652.292 -652.292 -652.292 -652.365
-651.972 -651.972 -651.972 -652.042
-651.231 -651.231 -651.231 -651.304
-650.302 -650.302 -650.302 -650.381
-650.139 -650.139 -650.139 -650.209
-649.660 -649.660 -649.660 -649.728
-651.353 -651.353 -651.353 -651.425
-647.642 -647.641 -647.641 -647.730
-646.466 -647.558 -647.558 -647.640
-647.149 -647.149 -647.149 -647.236
-652.348 -652.348 -652.348 -652.422
-649.381 -649.381 -649.381 -649.454
-645.167 -651.595 -651.759 -651.836
-649.401 -649.401 -649.401 -649.468
-644.910 -644.909 -644.909 -644.984
-650.280 -650.280 -650.280 -650.351
-651.669 -651.726 -651.726 -651.803
-649.124 -649.124 -649.124 -649.206
-647.047 -648.451 -648.451 -648.525
-645.524 -645.524 -645.524 -645.612
-647.726 -647.726 -647.726 -647.792
-651.454 -651.454 -651.454 -651.525
-650.704 -650.704 -650.704 -650.774
-641.954 -641.954 -641.954 -642.032
-645.464 -645.464 -645.464 -645.555
-651.256 -651.256 -651.256 -651.326
-642.227 -642.227 -642.227 -642.322
-642.975 -642.975 -642.975 -643.053
-647.330 -647.330 -647.330 -647.400
-649.302 -649.348 -649.348 -649.423
-651.256 -651.256 -651.256 -651.326
-647.968 -647.968 -647.968 -648.047
-644.268 -644.268 -644.268 -644.356
-649.464 -649.464 -649.464 -649.551
-643.210 -643.210 -643.210 -643.293
-650.668 -650.668 -650.668 -650.738
-650.302 -650.302 -650.302 -650.381
-645.270 -645.269 -645.269 -645.353
-652.688 -652.688 -652.688 -652.762
-648.352 -648.471 -648.471 -648.560
-646.733 -646.733 -646.733 -646.815
-647.784 -647.784 -647.784 -647.866
-648.611 -649.293 -649.293 -649.372
-648.298 -648.298 -648.298 -648.389
-650.704 -650.704 -650.704 -650.774
-647.979 -647.979 -647.979 -648.065
-652.700 -653.254 -653.490 -653.565
-652.846 -652.846 -652.846 -652.921
-651.972 -651.972 -651.972 -652.042
-651.231 -651.231 -651.231 -651.304
-650.773 -650.773 -650.773 -650.861
-650.302 -650.302 -650.302 -650.381
-648.952 -648.952 -648.952 -649.032
-645.620 -645.620 -645.620 -645.698
-650.235 -650.235 -650.235 -650.307
-647.648 -647.648 -647.648 -647.736
-640.619 -640.619 -640.619 -640.719
-647.189 -647.675 -647.675 -647.751
-647.603 -648.264 -648.264 -648.346
-650.571 -650.571 -650.571 -650.640
-648.251 -648.251 -648.251 -648.339
-648.966 -650.171 -650.171 -650.243
-650.773 -650.773 -650.773 -650.861
-648.907 -648.907 -648.907 -648.995
-650.647 -650.647 -650.647 -650.718
-646.983 -646.983 -646.983 -647.067
-645.886 -645.886 -645.886 -645.958
-648.954 -648.954 -648.954 -649.023
-647.721 -647.721 -647.721 -647.804
-648.170 -648.170 -648.170 -648.254
-648.612 -648.611 -648.611 -648.702
-647.064 -647.064 -647.064 -647.140
-647.726 -647.726 -647.726 -647.792
-647.726 -647.726 -647.726 -647.792
-644.864 -644.864 -644.864 -644.939
-647.968 -647.968 -647.968 -648.047
-648.402 -648.402 -648.402 -648.484
-646.922 -646.922 -646.922 -647.012
-644.952 -644.952 -644.952 -645.030
-647.633 -647.633 -647.633 -647.718
-651.972 -651.972 -651.972 -652.042
-647.930 -647.930 -647.930 -648.014
-645.420 -645.420 -645.420 -645.505
-650.602 -650.602 -650.602 -650.677
-650.521 -650.521 -650.521 -650.596
-651.256 -651.256 -651.256 -651.326
-649.024 -649.024 -649.024 -649.095
-648.298 -648.298 -648.298 -648.389
-645.267 -645.267 -645.267 -645.352
-648.298 -648.298 -648.298 -648.389
-651.099 -651.099 -651.099 -651.170
-651.618 -651.618 -651.618 -651.687
-652.700 -653.254 -653.490 -653.565
-652.846 -652.846 -652.846 -652.921
-651.972 -651.972 -651.972 -652.042
-651.231 -651.231 -651.231 -651.304
-650.773 -650.773 -650.773 -650.861
-650.302 -650.302 -650.302 -650.381
-648.030 -648.030 -648.030 -648.114
-650.211 -650.211 -650.211 -650.285
-643.756 -643.756 -643.756 -643.839
-650.862 -650.862 -650.862 -650.934
-648.734 -648.734 -648.734 -648.829
-647.871 -647.871 -647.871 -647.943
-644.526 -644.526 -644.526 -644.614
-648.263 -648.263 -648.263 -648.336
-646.946 -646.946 -646.946 -647.028
-651.236 -651.236 -651.236 -651.309
-647.019 -647.019 -647.019 -647.104
-646.238 -646.238 -646.238 -646.313
-649.858 -649.858 -649.858 -649.930
-650.246 -650.246 -650.246 -650.327
-644.374 -644.374 -644.374 -644.462
-648.675 -648.675 -648.675 -648.754
-649.087 -649.434 -649.434 -649.511
-645.829 -645.829 -645.829 -645.900
-649.493 -649.493 -649.493 -649.559
-651.237 -651.237 -651.237 -651.309
-648.245 -648.245 -648.245 -648.328
-647.336 -647.336 -647.336 -647.431
-650.156 -650.156 -650.156 -650.227
-649.181 -649.181 -649.181 -649.254
-649.322 -649.322 -649.322 -649.403
-649.394 -649.394 -649.394 -649.459
-644.269 -644.269 -644.269 -644.342
-651.878 -651.878 -651.878 -651.948
-651.618 -651.618 -651.618 -651.687
-648.152 -648.152 -648.152 -648.237
-648.402 -648.402 -648.402 -648.484
-651.103 -651.103 -651.103 -651.177
-640.704 -644.836 -644.836 -644.910
-647.457 -647.647 -647.647 -647.735
-647.322 -647.322 -647.322 -647.414
-647.266 -647.266 -647.266 -647.353
-649.135 -649.135 -649.135 -649.215
-652.846 -652.846 -652.846 -652.921
-653.490 -653.490 -653.490 -653.565
-650.331 -650.331 -650.331 -650.412
-652.700 -653.254 -653.490 -653.565
-652.846 -652.846 -652.846 -652.921
-651.972 -651.972 -651.972 -652.042
-651.231 -651.231 -651.231 -651.304
-650.773 -650.773 -650.773 -650.861
-650.302 -650.302 -650.302 -650.381
-649.394 -649.394 -649.394 -649.474
-649.728 -649.728 -649.728 -649.797
-650.026 -650.026 -650.026 -650.098
-645.832 -648.625 -648.625 -648.700
-644.527 -647.092 -647.092 -647.181
-647.901 -647.901 -647.901 -647.980
-648.914 -648.914 -648.914 -649.001
-651.919 -651.919 -651.919 -651.989
-648.320 -648.320 -648.320 -648.408
-651.984 -651.984 -651.984 -652.058
-645.759 -645.759 -645.759 -645.845
-647.498 -647.498 -647.498 -647.587
-651.186 -651.186 -651.186 -651.261
-641.224 -641.223 -641.223 -641.314
-646.088 -648.025 -648.911 -648.986
-645.788 -645.788 -645.788 -645.867
-650.329 -650.520 -650.520 -650.596
-649.802 -649.802 -649.802 -649.872
-646.201 -646.201 -646.201 -646.270
-646.312 -646.312 -646.312 -646.395
-645.022 -645.022 -645.022 -645.107
-649.464 -649.464 -649.464 -649.551
-647.607 -647.607 -647.607 -647.690
-644.722 -644.722 -644.722 -644.807
-649.110 -649.110 -649.110 -649.193
-649.887 -649.887 -649.887 -649.968
-642.975 -642.975 -642.975 -643.053
-644.869 -644.869 -644.869 -644.955
-647.201 -647.201 -647.201 -647.282
-649.865 -649.865 -649.865 -649.940
-651.972 -651.972 -651.972 -652.042
-649.578 -649.578 -649.578 -649.650
-650.636 -650.636 -650.636 -650.707
-652.018 -652.018 -652.018 -652.093
-648.697 -648.697 -648.697 -648.791
-644.152 -644.152 -644.152 -644.229
-649.689 -649.689 -649.689 -649.768
-646.926 -647.565 -647.565 -647.642
-647.001 -647.001 -647.001 -647.075
-647.028 -647.028 -647.028 -647.103
-653.490 -653.490 -653.490 -653.565
-652.846 -652.846 -652.846 -652.921
-651.972 -651.972 -651.972 -652.042
-651.237 -651.237 -651.237 -651.309
-651.231 -651.231 -651.231 -651.304
-650.773 -650.773 -650.773 -650.861
-647.477 -647.477 -647.477 -647.561
-651.343 -651.343 -651.343 -651.418
-645.235 -645.235 -645.235 -645.323
-649.253 -649.339 -649.339 -649.412
-652.018 -652.018 -652.018 -652.093
-648.495 -648.495 -648.495 -648.574
-645.596 -645.596 -645.596 -645.679
-647.304 -647.304 -647.304 -647.385
-647.889 -647.889 -647.889 -647.972
-644.705 -644.705 -644.705 -644.795
-651.375 -651.375 -651.375 -651.446
-652.146 -652.146 -652.146 -652.220
-649.558 -649.558 -649.558 -649.623
-647.016 -647.016 -647.016 -647.115
-649.493 -649.493 -649.493 -649.559
-649.846 -649.846 -649.846 -649.923
-651.009 -651.009 -651.009 -651.081
-649.651 -649.651 -649.651 -649.721
-645.221 -645.221 -645.221 -645.298
-652.003 -652.003 -652.003 -652.073
-651.016 -651.016 -651.016 -651.094
-649.964 -649.964 -649.964 -650.036
-648.977 -648.977 -648.977 -649.044
-649.394 -649.394 -649.394 -649.459
-645.097 -645.097 -645.097 -645.180
-650.222 -650.222 -650.222 -650.301
-648.682 -648.682 -648.682 -648.760
-651.044 -651.256 -651.256 -651.326
-643.944 -643.944 -643.944 -644.035
-645.652 -645.652 -645.652 -645.726
-647.163 -647.163 -647.163 -647.246
-649.849 -649.849 -649.849 -649.931
-650.737 -650.737 -650.737 -650.807
-653.490 -653.490 -653.490 -653.565
-648.937 -648.937 -648.937 -649.021
-648.301 -648.301 -648.301 -648.396
-649.283 -650.165 -650.165 -650.242
-651.796 -651.796 -651.796 -651.874
-645.523 -645.770 -645.770 -645.865
-646.412 -648.044 -648.044 -648.131
-653.490 -653.490 -653.490 -653.565
-652.846 -652.846 -652.846 -652.921
-651.237 -651.237 -651.237 -651.309
-651.231 -651.231 -651.231 -651.304
-650.773 -650.773 -650.773 -650.861
-650.026 -650.026 -650.026 -650.098
-651.502 -651.502 -651.502 -651.579
-647.791 -647.791 -647.791 -647.871
-645.139 -645.139 -645.139 -645.222
-648.020 -648.084 -648.084 -648.159
-644.671 -644.671 -644.671 -644.769
-650.489 -650.489 -650.489 -650.565
-646.079 -646.079 -646.079 -646.170
-649.241 -649.241 -649.241 -649.312
-648.898 -648.898 -648.898 -648.986
-645.963 -645.963 -645.963 -646.040
-649.050 -649.050 -649.050 -649.121
-650.028 -650.028 -650.028 -650.098
-653.490 -653.490 -653.490 -653.565
-650.472 -650.669 -650.766 -650.840
-648.556 -648.556 -648.556 -648.632
-644.911 -644.911 -644.911 -645.000
-645.734 -645.734 -645.734 -645.824
-649.107 -649.107 -649.107 -649.195
-648.686 -648.686 -648.686 -648.768
-646.653 -646.653 -646.653 -646.736
-648.977 -648.977 -648.977 -649.044
-645.354 -645.354 -645.354 -645.440
-649.394 -649.394 -649.394 -649.459
-647.325 -647.325 -647.325 -647.410
-648.953 -648.953 -648.953 -649.034
-651.936 -651.936 -651.936 -652.008
-649.861 -649.861 -649.861 -649.930
-652.146 -652.146 -652.146 -652.220
-647.375 -647.375 -647.375 -647.458
-649.908 -649.908 -649.908 -649.981
-652.242 -652.242 -652.242 -652.311
-646.240 -646.240 -646.240 -646.320
-647.419 -647.533 -647.533 -647.618
-644.088 -647.625 -647.625 -647.706
-570.741 -648.165 -648.165 -648.242
-591.762 -648.984 -648.984 -649.057
-653.490 -653.490 -653.490 -653.565
-648.937 -648.937 -648.937 -649.021
-649.035 -649.035 -649.035 -649.108
-651.805 -651.805 -651.805 -651.877
-653.490 -653.490 -653.490 -653.565
-652.846 -652.846 -652.846 -652.921
-651.375 -651.375 -651.375 -651.446
-651.231 -651.231 -651.231 -651.304
-650.773 -650.773 -650.773 -650.861
-650.026 -650.026 -650.026 -650.098
-648.911 -649.060 -649.060 -649.133
-649.675 -649.675 -649.675 -649.741
-648.430 -648.637 -648.637 -648.716
-648.700 -648.700 -648.700 -648.770
-645.054 -645.054 -645.054 -645.132
-645.815 -645.815 -645.815 -645.888
-651.179 -651.179 -651.179 -651.251
-645.293 -645.293 -645.293 -645.373
-648.052 -648.525 -648.525 -648.607
-650.245 -650.245 -650.245 -650.327
-649.940 -649.940 -649.940 -650.010
-644.895 -644.895 -644.895 -644.986
-641.363 -641.363 -641.363 -641.448
-646.144 -646.144 -646.144 -646.223
-644.338 -644.338 -644.338 -644.428
-650.773 -650.773 -650.773 -650.861
-647.388 -647.388 -647.388 -647.479
-646.386 -646.386 -646.386 -646.457
-649.277 -649.277 -649.277 -649.361
-614.503 -646.289 -646.289 -646.380
-631.351 -631.351 -631.351 -631.421
-648.581 -648.581 -648.581 -648.668
-645.331 -645.331 -645.331 -645.420
-641.327 -642.681 -642.681 -642.772
-648.604 -648.619 -648.619 -648.690
-648.706 -648.706 -648.706 -648.793
-649.464 -649.464 -649.464 -649.551
-643.748 -643.748 -643.748 -643.839
-650.602 -650.602 -650.602 -650.677
-649.122 -649.122 -649.122 -649.196
-649.370 -649.370 -649.370 -649.439
-651.936 -651.936 -651.936 -652.008
-645.278 -645.278 -645.278 -645.366
-652.166 -652.166 -652.166 -652.237
-648.188 -648.188 -648.188 -648.279
-651.925 -651.925 -651.925 -652.000
-644.561 -644.561 -644.561 -644.647
-647.942 -649.723 -649.723 -649.795
-649.184 -649.184 -649.184 -649.264
-643.485 -649.371 -649.371 -649.445
-645.471 -646.899 -646.899 -646.986
-653.490 -653.490 -653.490 -653.565
-652.846 -652.846 -652.846 -652.921
-651.375 -651.375 -651.375 -651.446
-651.231 -651.231 -651.231 -651.304
-650.773 -650.773 -650.773 -650.861
-650.026 -650.026 -650.026 -650.098
-648.841 -649.800 -650.038 -650.114
-649.352 -649.352 -649.352 -649.422
-648.886 -648.886 -648.886 -648.966
-646.797 -646.797 -646.797 -646.882
-648.907 -648.907 -648.907 -648.995
-647.388 -647.388 -647.388 -647.462
-651.170 -651.170 -651.170 -651.249
-647.132 -647.132 -647.132 -647.209
-646.351 -646.351 -646.351 -646.423
-649.464 -649.464 -649.464 -649.551
-646.405 -646.405 -646.405 -646.488
-650.494 -650.493 -650.493 -650.571
-646.581 -646.581 -646.581 -646.659
-646.133 -646.133 -646.133 -646.211
-640.515 -640.515 -640.515 -640.609
-649.578 -649.578 -649.578 -649.650
-648.408 -648.408 -648.408 -648.489
-644.268 -644.268 -644.268 -644.356
-641.325 -641.325 -641.325 -641.409
-649.690 -649.690 -649.690 -649.768
-648.977 -648.977 -648.977 -649.044
-649.361 -649.361 -649.361 -649.432
-650.884 -650.884 -650.884 -650.958
-648.308 -648.308 -648.308 -648.390
-642.414 -642.414 -642.414 -642.520
-647.041 -647.041 -647.041 -647.135
-648.011 -648.406 -648.406 -648.487
-653.490 -653.490 -653.490 -653.565
-648.700 -648.700 -648.700 -648.770
-645.818 -645.817 -645.817 -645.901
-652.115 -652.115 -652.115 -652.191
-648.221 -648.837 -648.837 -648.924
-647.240 -647.578 -648.350 -648.431
-649.977 -649.977 -649.977 -650.053
-648.631 -648.795 -648.795 -648.870
-647.990 -647.990 -647.990 -648.068
-647.183 -647.183 -647.183 -647.267
-646.475 -646.682 -646.682 -646.767
-640.672 -640.864 -640.864 -640.956
-649.185 -649.299 -649.299 -649.366
-653.490 -653.490 -653.490 -653.565
-652.846 -652.846 -652.846 -652.921
-651.375 -651.375 -651.375 -651.446
-651.231 -651.231 -651.231 -651.304
-650.773 -650.773 -650.773 -650.861
-650.026 -650.026 -650.026 -650.098
-648.472 -648.472 -648.472 -648.554
-651.996 -651.996 -651.996 -652.070
-651.428 -651.428 -651.428 -651.504
-642.352 -642.352 -642.352 -642.439
-649.597 -649.597 -649.597 -649.663
-644.305 -644.305 -644.305 -644.399
-649.395 -649.395 -649.395 -649.465
-651.773 -651.773 -651.773 -651.847
-648.111 -648.111 -648.111 -648.202
-650.026 -650.026 -650.026 -650.098
-649.534 -649.534 -649.534 -649.602
-650.538 -650.538 -650.538 -650.610
-648.183 -648.183 -648.183 -648.267
-644.802 -644.802 -644.802 -644.888
-646.746 -646.746 -646.746 -646.829
-645.569 -645.569 -645.569 -645.658
-642.813 -642.813 -642.812 -642.906
-649.024 -649.024 -649.024 -649.095
-643.028 -650.166 -650.166 -650.238
-649.800 -649.800 -649.800 -649.872
-642.362 -642.362 -642.362 -642.442
-527.395 -642.847 -642.847 -642.930
-646.018 -649.886 -649.886 -649.958
-644.603 -644.603 -644.603 -644.681
-646.274 -646.274 -646.274 -646.363
-645.839 -645.839 -645.839 -645.925
-649.394 -649.394 -649.394 -649.459
-649.980 -649.980 -649.980 -650.058
-646.530 -646.530 -646.530 -646.611
-652.115 -652.115 -652.115 -652.191
-645.739 -645.739 -645.739 -645.826
-650.884 -650.884 -650.884 -650.958
-650.406 -650.662 -650.662 -650.737
-652.846 -652.846 -652.846 -652.921
-648.634 -648.634 -648.634 -648.708
-649.324 -649.539 -649.539 -649.614
-648.261 -648.940 -648.940 -649.017
-653.490 -653.490 -653.490 -653.565
-652.793 -652.846 -652.846 -652.921
-652.053 -652.053 -652.053 -652.128
-653.490 -653.490 -653.490 -653.565
-652.846 -652.846 -652.846 -652.921
-651.375 -651.375 -651.375 -651.446
-651.231 -651.231 -651.231 -651.304
-650.773 -650.773 -650.773 -650.861
-650.026 -650.026 -650.026 -650.098
-649.007 -649.007 -649.007 -649.096
-648.317 -648.317 -648.317 -648.409
-642.352 -642.352 -642.352 -642.432
-649.655 -649.655 -649.655 -649.739
-649.345 -649.345 -649.345 -649.433
-644.873 -644.873 -644.873 -644.955
-650.718 -650.718 -650.718 -650.796
-643.897 -643.897 -643.897 -643.986
-644.953 -644.953 -644.953 -645.043
-649.239 -649.239 -649.239 -649.329
-649.702 -649.701 -649.701 -649.769
-649.728 -649.728 -649.728 -649.797
-648.232 -648.232 -648.232 -648.312
-650.232 -650.232 -650.232 -650.307
-646.294 -646.294 -646.294 -646.365
-649.429 -649.429 -649.429 -649.510
-648.997 -648.997 -648.997 -649.082
-648.402 -648.402 -648.402 -648.484
-647.852 -647.852 -647.852 -647.937
-645.390 -645.390 -645.390 -645.461
-647.073 -647.073 -647.073 -647.165
-651.618 -651.618 -651.618 -651.687
-650.302 -650.302 -650.302 -650.381
-644.673 -644.673 -644.673 -644.758
-644.978 -645.971 -645.971 -646.048
-648.402 -648.402 -648.402 -648.484
-648.504 -648.504 -648.504 -648.582
-649.021 -649.020 -649.020 -649.096
-651.481 -651.481 -651.481 -651.553
-648.454 -648.454 -648.454 -648.530
-649.858 -649.858 -649.858 -649.936
-648.402 -648.402 -648.402 -648.484
-651.231 -651.231 -651.231 -651.304
-649.751 -649.751 -649.751 -649.823
-648.574 -648.618 -648.618 -648.698
-648.152 -648.152 -648.152 -648.233
-649.237 -649.236 -649.236 -649.301
-648.446 -648.446 -648.446 -648.532
-648.088 -648.087 -648.087 -648.170
-651.256 -651.256 -651.256 -651.326
-653.490 -653.490 -653.490 -653.565
-652.846 -652.846 -652.846 -652.921
-651.375 -651.375 -651.375 -651.446
-651.231 -651.231 -651.231 -651.304
-650.773 -650.773 -650.773 -650.861
-650.026 -650.026 -650.026 -650.098
-648.252 -648.252 -648.252 -648.338
-641.936 -641.936 -641.936 -642.023
-645.919 -645.919 -645.919 -646.009
-648.739 -648.739 -648.739 -648.829
-650.861 -650.861 -650.861 -650.936
-645.668 -645.668 -645.668 -645.748
-645.143 -645.143 -645.143 -645.225
-646.923 -646.923 -646.923 -647.012
-651.621 -651.621 -651.621 -651.696
-650.337 -650.337 -650.337 -650.420
-649.668 -649.668 -649.668 -649.737
-649.264 -649.264 -649.264 -649.343
-645.031 -645.031 -645.031 -645.126
-646.592 -646.592 -646.592 -646.681
-644.376 -644.376 -644.376 -644.456
-649.556 -649.556 -649.556 -649.635
-641.933 -641.933 -641.933 -642.023
-645.162 -645.162 -645.162 -645.244
-647.522 -647.522 -647.522 -647.607
-643.248 -643.248 -643.248 -643.336
-647.198 -650.902 -650.902 -650.979
-649.464 -649.464 -649.464 -649.551
-641.857 -642.181 -642.248 -642.339
-646.289 -646.289 -646.289 -646.380
-651.618 -651.618 -651.618 -651.687
-651.256 -651.256 -651.256 -651.326
-647.264 -647.264 -647.264 -647.346
-651.925 -651.925 -651.925 -652.000
-650.232 -650.232 -650.232 -650.307
-652.678 -652.678 -652.678 -652.751
-650.929 -650.929 -650.929 -651.013
-642.969 -651.519 -651.783 -651.854
-643.977 -643.977 -643.977 -644.065
-647.167 -647.284 -647.284 -647.367
-649.770 -649.772 -649.772 -649.848
-650.538 -650.538 -650.538 -650.610
-649.092 -649.092 -649.092 -649.155
-649.307 -649.307 -649.307 -649.376
-651.748 -651.748 -651.748 -651.826
-646.829 -646.829 -646.829 -646.920
-653.490 -653.490 -653.490 -653.565
-652.846 -652.846 -652.846 -652.921
-651.375 -651.375 -651.375 -651.446
-651.231 -651.231 -651.231 -651.304
-650.773 -650.773 -650.773 -650.861
-650.302 -650.302 -650.302 -650.381
-648.830 -648.937 -648.937 -649.024
-647.829 -647.829 -647.829 -647.905
-652.146 -652.146 -652.146 -652.220
-642.055 -646.702 -646.702 -646.782
-651.837 -651.836 -651.836 -651.907
-650.036 -650.036 -650.036 -650.115
-649.231 -649.294 -649.294 -649.365
-648.896 -648.896 -648.896 -648.959
-649.067 -649.067 -649.067 -649.147
-648.368 -648.368 -648.368 -648.453
-648.048 -648.048 -648.048 -648.133
-642.723 -642.723 -642.723 -642.806
-645.661 -645.661 -645.661 -645.749
-649.082 -649.082 -649.082 -649.162
-648.683 -648.683 -648.683 -648.758
-647.541 -647.541 -647.541 -647.624
-652.292 -652.292 -652.292 -652.365
-646.151 -646.151 -646.151 -646.236
-646.879 -646.879 -646.879 -646.964
-646.745 -646.745 -646.745 -646.843
154.681 -647.281 -647.281 -647.370
-647.069 -647.069 -647.069 -647.149
-645.983 -645.983 -645.983 -646.069
-649.653 -649.653 -649.653 -649.724
-649.464 -649.464 -649.464 -649.551
-646.248 -646.248 -646.248 -646.325
-647.481 -647.481 -647.481 -647.559
-649.833 -649.833 -649.833 -649.916
-651.437 -651.437 -651.437 -651.509
-652.678 -652.678 -652.678 -652.751
-648.027 -648.027 -648.027 -648.113
-650.991 -650.991 -650.991 -651.068
-651.538 -651.538 -651.538 -651.615
-652.146 -652.146 -652.146 -652.220
-650.773 -650.773 -650.773 -650.861
-648.132 -648.132 -648.132 -648.217
-652.179 -652.179 -652.179 -652.253
-648.992 -649.171 -649.171 -649.245
-646.253 -646.560 -646.560 -646.646
-645.422 -645.422 -645.422 -645.524
-650.726 -650.726 -650.726 -650.803
-653.490 -653.490 -653.490 -653.565
-652.846 -652.846 -652.846 -652.921
-651.375 -651.375 -651.375 -651.446
-651.231 -651.231 -651.231 -651.304
-650.773 -650.773 -650.773 -650.861
-650.302 -650.302 -650.302 -650.381
-648.210 -648.210 -648.210 -648.290
-651.934 -651.934 -651.934 -652.003
-651.878 -651.878 -651.878 -651.948
-646.043 -646.043 -646.043 -646.132
-647.118 -647.118 -647.118 -647.204
-647.671 -647.671 -647.671 -647.755
-648.218 -648.218 -648.218 -648.288
-650.330 -650.330 -650.330 -650.405
-651.934 -651.934 -651.934 -652.003
-647.719 -647.719 -647.719 -647.798
-647.819 -647.819 -647.819 -647.887
-647.626 -647.626 -647.626 -647.717
-649.683 -649.683 -649.683 -649.763
-649.567 -649.567 -649.567 -649.633
-649.081 -649.081 -649.081 -649.171
-647.068 -647.068 -647.068 -647.154
-651.360 -651.360 -651.360 -651.435
-651.140 -651.140 -651.140 -651.215
-647.991 -647.991 -647.991 -648.072
-650.675 -650.675 -650.675 -650.750
-649.345 -649.345 -649.345 -649.433
-644.807 -644.807 -644.807 -644.891
-648.734 -648.734 -648.734 -648.829
-645.103 -645.103 -645.103 -645.172
-650.118 -650.118 -650.118 -650.202
-647.968 -647.968 -647.968 -648.047
-649.528 -649.528 -649.528 -649.617
-651.043 -651.043 -651.043 -651.115
-649.740 -649.740 -649.740 -649.812
-648.706 -648.706 -648.706 -648.793
-648.997 -648.997 -648.997 -649.082
-648.896 -648.896 -648.896 -648.959
-644.214 -644.214 -644.214 -644.292
-650.798 -650.798 -650.798 -650.877
-650.773 -650.773 -650.773 -650.861
-649.262 -649.262 -649.262 -649.332
-652.179 -652.179 -652.179 -652.253
-654.988 -654.988 -654.988 -655.062
-650.685 -650.685 -650.685 -650.756
-642.831 -642.831 -642.831 -642.920
-653.490 -653.490 -653.490 -653.565
-652.846 -652.846 -652.846 -652.921
-651.375 -651.375 -651.375 -651.446
-651.231 -651.231 -651.231 -651.304
-650.773 -650.773 -650.773 -650.861
-650.302 -650.302 -650.302 -650.381
-652.003 -652.003 -652.003 -652.073
-647.028 -647.028 -647.028 -647.098
-647.132 -647.132 -647.132 -647.203
-651.403 -651.403 -651.403 -651.475
-651.150 -651.150 -651.150 -651.220
-651.160 -651.160 -651.160 -651.238
-649.531 -649.531 -649.531 -649.598
-643.377 -643.377 -643.377 -643.467
-649.898 -649.898 -649.898 -649.977
-646.450 -646.449 -646.449 -646.537
-649.644 -649.644 -649.644 -649.715
-649.790 -649.790 -649.790 -649.860
-646.209 -646.209 -646.209 -646.291
-646.805 -646.805 -646.805 -646.884
-650.181 -650.181 -650.181 -650.256
-649.289 -649.289 -649.289 -649.365
-648.128 -648.128 -648.128 -648.200
-646.451 -646.451 -646.451 -646.537
-524.254 -649.862 -649.862 -649.940
-644.488 -644.488 -644.488 -644.578
-645.552 -645.552 -645.552 -645.629
-647.726 -647.726 -647.726 -647.792
-643.465 -643.465 -643.465 -643.551
-648.432 -648.432 -648.432 -648.514
-647.073 -647.073 -647.073 -647.165
-647.968 -647.968 -647.968 -648.047
-643.944 -643.944 -643.944 -644.035
-649.655 -649.655 -649.655 -649.737
-648.883 -648.883 -648.883 -648.959
-648.590 -648.590 -648.590 -648.669
-645.328 -645.328 -645.328 -645.424
-648.566 -648.566 -648.566 -648.651
-650.267 -650.267 -650.267 -650.345
-650.156 -650.156 -650.156 -650.227
-648.724 -648.724 -648.724 -648.788
-647.481 -647.481 -647.481 -647.559
-645.667 -645.667 -645.667 -645.752
-636.371 -650.589 -650.589 -650.664
-650.539 -650.539 -650.539 -650.617
-648.627 -649.552 -649.552 -649.630
-654.988 -654.988 -654.988 -655.062
-653.490 -653.490 -653.490 -653.565
-651.375 -651.375 -651.375 -651.446
-651.231 -651.231 -651.231 -651.304
-650.330 -650.330 -650.330 -650.405
-650.302 -650.302 -650.302 -650.381
-650.737 -650.737 -650.737 -650.807
-650.599 -650.599 -650.599 -650.670
-652.846 -652.846 -652.846 -652.921
-648.527 -648.527 -648.527 -648.612
-646.817 -646.817 -646.817 -646.891
-643.434 -643.434 -643.434 -643.527
-648.692 -648.692 -648.692 -648.773
-646.162 -646.552 -646.630 -646.741
-646.386 -646.386 -646.386 -646.468
-645.711 -645.711 -645.711 -645.790
-647.482 -647.482 -647.482 -647.559
-646.842 -646.842 -646.842 -646.928
-649.196 -649.196 -649.196 -649.261
-651.558 -651.558 -651.558 -651.629
-649.422 -649.422 -649.422 -649.501
-645.117 -645.117 -645.117 -645.215
-648.210 -648.210 -648.210 -648.290
-647.543 -647.543 -647.543 -647.611
-647.030 -647.763 -647.763 -647.841
-649.072 -649.923 -649.923 -650.001
-648.108 -648.108 -648.108 -648.196
-649.558 -649.558 -649.558 -649.623
-278.254 -646.000 -646.000 -646.089
-643.599 -643.599 -643.599 -643.692
-644.479 -644.479 -644.479 -644.560
-647.722 -647.722 -647.722 -647.805
-648.402 -648.402 -648.402 -648.484
-646.781 -646.781 -646.781 -646.868
-647.968 -647.968 -647.968 -648.047
-649.637 -649.637 -649.637 -649.703
-650.330 -650.330 -650.330 -650.405
-648.277 -648.277 -648.277 -648.356
-651.426 -651.426 -651.426 -651.506
-644.958 -644.958 -644.958 -645.038
-646.303 -646.303 -646.303 -646.385
-640.967 -640.967 -640.967 -641.046
-648.368 -648.581 -648.581 -648.663
-643.941 -649.209 -649.209 -649.284
-643.809 -644.419 -644.419 -644.498
-647.084 -647.084 -647.084 -647.169
-648.505 -648.505 -648.505 -648.591
-654.988 -654.988 -654.988 -655.062
-653.490 -653.490 -653.490 -653.565
-651.375 -651.375 -651.375 -651.446
-651.231 -651.231 -651.231 -651.304
-636.371 -650.589 -650.589 -650.664
-650.330 -650.330 -650.330 -650.405
-646.983 -646.983 -646.983 -647.064
-650.118 -650.118 -650.118 -650.198
-650.081 -650.081 -650.081 -650.162
-645.679 -645.679 -645.679 -645.764
-645.876 -645.876 -645.876 -645.961
-654.988 -654.988 -654.988 -655.062
-647.632 -647.632 -647.632 -647.717
-642.288 -642.288 -642.288 -642.371
-647.461 -647.461 -647.461 -647.555
-650.816 -650.816 -650.816 -650.893
-648.520 -648.520 -648.520 -648.590
-644.578 -644.578 -644.578 -644.658
-642.252 -642.252 -642.252 -642.329
-650.650 -650.650 -650.650 -650.720
-651.984 -651.984 -651.984 -652.058
-643.184 -643.184 -643.184 -643.272
-646.165 -646.165 -646.165 -646.248
-647.759 -647.759 -647.759 -647.836
-650.759 -650.759 -650.759 -650.838
-645.163 -645.163 -645.163 -645.228
-647.401 -647.401 -647.401 -647.482
-647.281 -647.281 -647.281 -647.351
-166.989 -647.688 -647.688 -647.769
-645.575 -645.575 -645.575 -645.662
-647.237 -647.237 -647.237 -647.319
-647.616 -647.616 -647.616 -647.699
-651.231 -651.231 -651.231 -651.304
-647.968 -647.968 -647.968 -648.047
-648.472 -648.472 -648.472 -648.554
-649.464 -649.464 -649.464 -649.551
-649.157 -649.157 -649.157 -649.229
-651.676 -651.676 -651.676 -651.746
-651.231 -651.231 -651.231 -651.304
-652.053 -652.053 -652.053 -652.128
-645.185 -645.185 -645.185 -645.275
-622.047 -646.203 -646.203 -646.277
-648.241 -648.689 -648.689 -648.764
-648.499 -649.546 -649.546 -649.623
-630.835 -644.584 -644.584 -644.667
-648.279 -648.598 -648.598 -648.670
-654.988 -654.988 -654.988 -655.062
-653.490 -653.490 -653.490 -653.565
-651.375 -651.375 -651.375 -651.446
-651.231 -651.231 -651.231 -651.304
-636.371 -650.589 -650.589 -650.664
-650.330 -650.330 -650.330 -650.405
-652.678 -652.678 -652.678 -652.751
-649.402 -649.402 -649.402 -649.479
-647.205 -647.205 -647.205 -647.284
-644.798 -644.798 -644.798 -644.877
-648.645 -648.741 -648.741 -648.825
-648.012 -648.012 -648.012 -648.093
-648.936 -648.936 -648.936 -649.013
-644.915 -644.915 -644.915 -645.003
-647.978 -647.978 -647.978 -648.052
-649.980 -649.980 -649.980 -650.049
-648.853 -648.853 -648.853 -648.932
-647.989 -648.046 -648.046 -648.128
-651.794 -652.053 -652.053 -652.128
-648.713 -648.713 -648.713 -648.795
-650.960 -650.960 -650.960 -651.040
-647.183 -647.284 -647.284 -647.360
-651.618 -651.618 -651.618 -651.687
-647.726 -647.726 -647.726 -647.792
-643.314 -643.314 -643.314 -643.394
-647.654 -647.654 -647.654 -647.722
-650.302 -650.302 -650.302 -650.381
-641.224 -651.943 -651.943 -652.025
-641.633 -641.633 -641.633 -641.721
-648.402 -648.402 -648.402 -648.484
-631.351 -631.351 -631.351 -631.421
-648.529 -648.529 -648.529 -648.618
-645.160 -645.160 -645.160 -645.248
-652.053 -652.053 -652.053 -652.128
-650.347 -650.347 -650.347 -650.423
-649.886 -649.886 -649.886 -649.958
-652.166 -652.166 -652.166 -652.237
-648.977 -648.977 -648.977 -649.043
-644.144 -649.887 -649.887 -649.968
-651.934 -651.934 -651.934 -652.003
-648.643 -649.157 -649.157 -649.229
-649.806 -649.806 -649.806 -649.895
-649.797 -650.303 -650.717 -650.886
-650.739 -650.929 -650.929 -651.013
-649.158 -649.165 -649.165 -649.248
-642.387 -642.387 -642.387 -642.478
-646.940 -648.294 -650.161 -650.313
-654.988 -654.988 -654.988 -655.062
-653.490 -653.490 -653.490 -653.565
-651.375 -651.375 -651.375 -651.446
-651.231 -651.231 -651.231 -651.304
-650.330 -650.330 -650.330 -650.405
-649.157 -649.157 -649.157 -649.229
-648.242 -648.242 -648.242 -648.320
-649.655 -649.655 -649.655 -649.739
-650.697 -650.697 -650.697 -650.775
-645.188 -646.723 -646.723 -646.801
-645.425 -645.425 -645.425 -645.513
-645.400 -645.400 -645.400 -645.475
-649.954 -649.954 -649.954 -650.029
-651.816 -651.816 -651.816 -651.892
-645.716 -645.716 -645.716 -645.806
-649.542 -649.542 -649.542 -649.623
-651.783 -651.783 -651.783 -651.854
-651.831 -651.831 -651.831 -651.904
-648.922 -648.922 -648.922 -649.002
-649.121 -649.121 -649.121 -649.203
-649.919 -649.919 -649.919 -649.989
-647.960 -647.960 -647.960 -648.046
-648.353 -648.353 -648.353 -648.436
-651.128 -651.128 -651.128 -651.197
-648.896 -648.896 -648.896 -648.959
-647.561 -647.561 -647.561 -647.652
-646.505 -646.505 -646.505 -646.575
-647.929 -647.929 -647.929 -648.014
-648.997 -648.997 -648.997 -649.082
-651.231 -651.231 -651.231 -651.304
-632.370 -632.370 -632.370 -632.443
-648.287 -649.961 -649.961 -650.044
-651.538 -651.538 -651.538 -651.615
-648.822 -648.822 -648.822 -648.908
-646.349 -647.302 -647.302 -647.383
-651.437 -651.437 -651.437 -651.509
-650.611 -650.611 -650.611 -650.683
-650.081 -650.081 -650.081 -650.162
-651.925 -651.925 -651.925 -652.000
-648.403 -648.403 -648.403 -648.484
-648.845 -648.845 -648.845 -648.924
-643.125 -645.097 -645.097 -645.193
-645.340 -645.340 -645.340 -645.426
-645.568 -645.581 -645.581 -645.667
-647.677 -647.677 -647.677 -647.761
-642.429 -644.895 -644.895 -644.994
-654.988 -654.988 -654.988 -655.062
-653.490 -653.490 -653.490 -653.565
-651.375 -651.375 -651.375 -651.446
-651.231 -651.231 -651.231 -651.304
-650.330 -650.330 -650.330 -650.405
-650.302 -650.302 -650.302 -650.381
-645.262 -645.262 -645.262 -645.344
-649.802 -650.051 -650.051 -650.130
-647.639 -647.639 -647.639 -647.716
-644.367 -644.367 -644.367 -644.446
-648.877 -648.877 -648.877 -648.966
-644.103 -644.103 -644.103 -644.188
-652.861 -652.861 -652.861 -652.933
-651.016 -651.016 -651.016 -651.094
-652.046 -652.115 -652.115 -652.191
-650.156 -650.156 -650.156 -650.227
-652.846 -652.846 -652.846 -652.921
-650.773 -650.773 -650.773 -650.861
-650.754 -650.754 -650.754 -650.830
-645.972 -645.972 -645.972 -646.059
-645.039 -645.039 -645.039 -645.123
-652.130 -652.130 -652.130 -652.209
-647.513 -648.347 -648.347 -648.425
-646.161 -646.161 -646.161 -646.241
-650.243 -650.243 -650.243 -650.323
-648.090 -648.122 -648.122 -648.196
-647.086 -647.086 -647.086 -647.175
-652.688 -652.688 -652.688 -652.762
-647.680 -647.680 -647.680 -647.761
-647.943 -647.943 -647.943 -648.015
-648.977 -648.977 -648.977 -649.044
-648.860 -648.859 -648.859 -648.938
-649.464 -649.464 -649.464 -649.551
-648.705 -648.705 -648.705 -648.788
-649.823 -649.823 -649.823 -649.902
-649.655 -649.655 -649.655 -649.739
-650.330 -650.330 -650.330 -650.405
-649.361 -649.361 -649.361 -649.432
-650.162 -650.162 -650.162 -650.236
-648.027 -648.027 -648.027 -648.113
-646.248 -646.248 -646.248 -646.331
-645.480 -645.480 -645.480 -645.553
-647.297 -648.681 -650.751 -650.827
-621.668 -647.523 -647.845 -647.929
-648.472 -648.472 -648.472 -648.554
-651.186 -651.186 -651.186 -651.256
-654.988 -654.988 -654.988 -655.062
-653.490 -653.490 -653.490 -653.565
-651.375 -651.375 -651.375 -651.446
-651.231 -651.231 -651.231 -651.304
-650.330 -650.330 -650.330 -650.405
-650.302 -650.302 -650.302 -650.381
-649.702 -649.701 -649.701 -649.769
-651.487 -651.585 -651.585 -651.660
-647.460 -647.460 -647.460 -647.560
-650.298 -650.298 -650.298 -650.373
-650.435 -650.633 -650.633 -650.708
-649.257 -649.490 -649.490 -649.566
-649.578 -649.578 -649.578 -649.650
-650.861 -650.861 -650.861 -650.936
-647.952 -647.952 -647.952 -648.035
-651.220 -651.220 -651.220 -651.295
-648.980 -649.029 -649.029 -649.103
-651.791 -651.791 -651.791 -651.866
-647.170 -647.304 -647.304 -647.385
-650.754 -650.754 -650.754 -650.830
-646.911 -646.911 -646.911 -646.998
-649.645 -649.645 -649.645 -649.718
-645.027 -645.027 -645.027 -645.103
-643.360 -643.359 -643.359 -643.457
-648.870 -648.870 -648.870 -648.934
-647.096 -647.096 -647.096 -647.179
-652.242 -652.242 -652.242 -652.311
-649.591 -649.591 -649.591 -649.663
-649.515 -649.515 -649.515 -649.587
-648.896 -648.896 -648.896 -648.959
-651.972 -651.972 -651.972 -652.042
-645.770 -645.770 -645.770 -645.855
-648.884 -648.884 -648.884 -648.954
-651.109 -651.109 -651.109 -651.181
-645.749 -645.749 -645.749 -645.840
-650.330 -650.330 -650.330 -650.405
-648.085 -648.085 -648.085 -648.161
-646.684 -646.684 -646.684 -646.764
-652.146 -652.146 -652.146 -652.220
-646.611 -646.611 -646.611 -646.688
-645.358 -645.358 -645.358 -645.449
-653.490 -653.490 -653.490 -653.565
-649.941 -649.941 -649.941 -650.020
-648.931 -648.931 -648.931 -649.012
-646.097 -646.097 -646.097 -646.179
-640.590 -642.490 -643.108 -643.400
-654.988 -654.988 -654.988 -655.062
-653.490 -653.490 -653.490 -653.565
-651.375 -651.375 -651.375 -651.446
-651.231 -651.231 -651.231 -651.304
-650.773 -650.773 -650.773 -650.861
-650.754 -650.754 -650.754 -650.830
-652.678 -652.678 -652.678 -652.751
-647.889 -647.889 -647.889 -647.972
-647.255 -647.255 -647.255 -647.325
-644.372 -644.372 -644.372 -644.461
-647.163 -647.163 -647.163 -647.255
-645.648 -645.648 -645.648 -645.727
-650.782 -650.782 -650.782 -650.859
-646.717 -646.717 -646.717 -646.800
-651.175 -651.175 -651.175 -651.247
-650.832 -650.832 -650.832 -650.907
-644.832 -644.832 -644.832 -644.911
-651.197 -651.197 -651.197 -651.267
-648.082 -648.082 -648.082 -648.174
-645.546 -645.546 -645.546 -645.630
-651.268 -651.268 -651.268 -651.339
-648.191 -648.191 -648.191 -648.281
-643.362 -643.362 -643.362 -643.454
-648.540 -648.540 -648.540 -648.626
-645.612 -645.612 -645.612 -645.687
-649.431 -649.431 -649.431 -649.496
-648.391 -648.391 -648.391 -648.477
-463.216 -648.563 -648.563 -648.647
-649.394 -649.394 -649.394 -649.459
-649.451 -649.451 -649.451 -649.519
-648.018 -648.236 -648.236 -648.309
-648.021 -648.036 -648.036 -648.115
-649.464 -649.464 -649.464 -649.551
-647.095 -647.095 -647.095 -647.190
-649.000 -649.000 -649.000 -649.081
-652.146 -652.146 -652.146 -652.220
-650.164 -650.164 -650.164 -650.242
-644.389 -644.389 -644.389 -644.472
-651.783 -651.783 -651.783 -651.854
-651.520 -651.585 -651.585 -651.660
-647.917 -648.188 -648.188 -648.262
-645.858 -649.562 -649.661 -649.735
-668.854 -648.900 -648.900 -648.983
-646.202 -646.202 -646.202 -646.286
-648.500 -648.500 -648.500 -648.580
-645.960 -646.079 -646.079 -646.173
-654.988 -654.988 -654.988 -655.062
-653.490 -653.490 -653.490 -653.565
-651.972 -651.972 -651.972 -652.042
-651.375 -651.375 -651.375 -651.446
-651.231 -651.231 -651.231 -651.304
-651.220 -651.220 -651.220 -651.295
-649.338 -649.338 -649.338 -649.409
-650.548 -650.548 -650.548 -650.619
-649.542 -649.542 -649.542 -649.610
-649.013 -649.013 -649.013 -649.096
-650.713 -650.713 -650.713 -650.783
-649.980 -649.980 -649.980 -650.049
-648.818 -648.818 -648.818 -648.901
-649.688 -649.688 -649.688 -649.755
-648.569 -648.569 -648.569 -648.660
-651.307 -651.307 -651.307 -651.382
-648.700 -648.700 -648.700 -648.770
-644.787 -644.787 -644.787 -644.874
-647.014 -647.014 -647.014 -647.095
-644.463 -644.463 -644.463 -644.547
-649.801 -649.800 -649.800 -649.882
-646.359 -646.359 -646.359 -646.442
-650.179 -650.179 -650.179 -650.251
-645.036 -645.036 -645.036 -645.120
-649.235 -649.235 -649.235 -649.300
-640.461 -640.461 -640.461 -640.554
-643.866 -643.866 -643.866 -643.956
-648.410 -648.410 -648.410 -648.490
-648.236 -648.236 -648.236 -648.309
-645.606 -645.606 -645.606 -645.678
-592.641 -650.999 -651.256 -651.326
-649.887 -649.887 -649.887 -649.968
-649.887 -649.887 -649.887 -649.968
-647.287 -647.287 -647.287 -647.371
-645.043 -645.043 -645.043 -645.119
-647.726 -647.726 -647.726 -647.792
-652.846 -652.846 -652.846 -652.921
-651.499 -651.499 -651.499 -651.578
-647.583 -647.583 -647.583 -647.673
-649.452 -649.452 -649.452 -649.530
-648.584 -648.690 -648.690 -648.768
-642.821 -645.240 -645.240 -645.322
-649.717 -649.717 -649.717 -649.787
-647.171 -647.171 -647.171 -647.249
-644.414 -644.414 -644.414 -644.500
-647.374 -647.374 -647.374 -647.459
-654.988 -654.988 -654.988 -655.062
-653.490 -653.490 -653.490 -653.565
-651.972 -651.972 -651.972 -652.042
-651.375 -651.375 -651.375 -651.446
-651.231 -651.231 -651.231 -651.304
-651.220 -651.220 -651.220 -651.295
-646.880 -646.880 -646.880 -646.964
-648.545 -648.545 -648.545 -648.628
-648.997 -648.997 -648.997 -649.082
-650.599 -650.599 -650.599 -650.670
-643.779 -643.779 -643.779 -643.858
-651.043 -651.043 -651.043 -651.115
-647.561 -649.089 -649.435 -649.511
-649.591 -649.591 -649.591 -649.663
-649.688 -649.688 -649.688 -649.755
-647.726 -647.726 -647.726 -647.818
-644.455 -644.455 -644.455 -644.535
-654.988 -654.988 -654.988 -655.062
-649.149 -649.149 -649.149 -649.222
-647.653 -647.653 -647.653 -647.751
-650.793 -650.882 -650.882 -651.536
-650.762 -650.762 -650.762 -650.833
-653.490 -653.490 -653.490 -653.565
-649.102 -649.233 -649.233 -649.304
-650.618 -650.618 -650.618 -650.694
-646.931 -647.650 -647.650 -647.718
-647.930 -647.930 -647.930 -648.006
-645.351 -645.351 -645.351 -645.442
-647.926 -648.536 -648.536 -648.613
-598.856 -638.477 -638.477 -638.563
-642.595 -642.595 -642.595 -642.684
-649.464 -649.464 -649.464 -649.551
-645.734 -645.734 -645.734 -645.824
-647.095 -647.095 -647.095 -647.175
-642.617 -642.718 -642.718 -642.803
-647.216 -647.216 -647.216 -647.287
-648.269 -648.269 -648.269 -648.347
-652.846 -652.846 -652.846 -652.921
-649.227 -649.227 -649.227 -649.299
-652.146 -652.146 -652.146 -652.220
-650.520 -650.520 -650.520 -650.594
-643.282 -646.743 -646.743 -646.833
-648.748 -648.980 -648.980 -649.059
-649.717 -649.717 -649.717 -649.787
-649.155 -649.155 -649.155 -649.226
-647.671 -647.671 -647.671 -647.755
-640.623 -648.878 -648.878 -648.963
-654.988 -654.988 -654.988 -655.062
-653.490 -653.490 -653.490 -653.565
-651.972 -651.972 -651.972 -652.042
-651.375 -651.375 -651.375 -651.446
-651.231 -651.231 -651.231 -651.304
-651.220 -651.220 -651.220 -651.295
-648.927 -648.927 -648.927 -649.010
-650.139 -650.139 -650.139 -650.209
-649.258 -649.258 -649.258 -649.332
-645.123 -645.123 -645.123 -645.217
-643.057 -643.057 -643.057 -643.134
-647.361 -647.361 -647.361 -647.454
-650.816 -650.816 -650.816 -650.893
-649.543 -649.652 -649.652 -649.732
-649.017 -649.017 -649.017 -649.096
-649.857 -649.857 -649.857 -649.929
-648.754 -648.754 -648.754 -648.835
-639.658 -639.658 -639.658 -639.752
-649.098 -649.098 -649.098 -649.181
-649.042 -649.042 -649.042 -649.131
-644.490 -644.490 -644.490 -644.577
-645.879 -645.879 -645.879 -645.959
-487.173 -649.292 -649.292 -649.382
-649.492 -649.492 -649.492 -649.563
-644.615 -644.615 -644.615 -644.702
-647.770 -647.770 -647.770 -647.859
-649.686 -649.686 -649.686 -649.749
-644.294 -644.294 -644.294 -644.376
-647.012 -647.012 -647.012 -647.094
-647.856 -647.968 -647.968 -648.047
-645.889 -645.889 -645.889 -645.972
-647.028 -647.968 -647.968 -648.047
-650.084 -650.084 -650.084 -650.161
-649.469 -649.469 -649.469 -649.557
-652.348 -652.348 -652.348 -652.422
-651.452 -651.452 -651.452 -651.536
-651.377 -651.419 -651.419 -651.493
-617.853 -644.135 -644.135 -644.219
-645.803 -645.803 -645.803 -645.891
-650.599 -650.599 -650.599 -650.670
-650.599 -650.599 -650.599 -650.670
-645.731 -649.079 -649.512 -649.584
-649.904 -650.362 -650.362 -650.442
-650.675 -651.805 -651.805 -651.877
-647.829 -649.031 -649.031 -649.111
-651.919 -651.919 -651.919 -651.989
-654.988 -654.988 -654.988 -655.062
-653.490 -653.490 -653.490 -653.565
-651.972 -651.972 -651.972 -652.042
-651.375 -651.375 -651.375 -651.446
-651.231 -651.231 -651.231 -651.304
-651.220 -651.220 -651.220 -651.295
-649.364 -649.364 -649.364 -649.436
-647.330 -647.330 -647.330 -647.418
-650.697 -650.697 -650.697 -650.770
-648.412 -648.412 -648.412 -648.500
-644.954 -644.954 -644.954 -645.031
-649.527 -649.527 -649.527 -649.594
-644.494 -644.493 -644.493 -644.578
-649.802 -649.802 -649.802 -649.872
-647.592 -647.592 -647.592 -647.674
-652.292 -652.292 -652.292 -652.365
-644.796 -644.796 -644.796 -644.870
-647.928 -647.928 -647.928 -648.018
-645.938 -645.938 -645.938 -646.017
-649.530 -649.530 -649.530 -649.606
-645.255 -645.255 -645.255 -645.329
-646.297 -646.297 -646.297 -646.366
-652.702 -652.702 -652.702 -652.775
-648.018 -648.018 -648.018 -648.106
-643.618 -643.618 -643.618 -643.704
-646.784 -646.784 -646.784 -646.881
-645.374 -645.374 -645.374 -645.450
-644.917 -644.917 -644.917 -645.007
-646.592 -646.592 -646.592 -646.678
-648.831 -648.831 -648.831 -648.912
-643.341 -643.341 -643.341 -643.426
-646.922 -646.922 -646.922 -647.012
-647.398 -647.398 -647.398 -647.487
-648.020 -648.020 -648.020 -648.108
-644.365 -645.436 -647.815 -650.114
-644.269 -644.269 -644.269 -644.342
-644.673 -644.673 -644.673 -644.758
-652.819 -652.819 -652.819 -652.892
-651.746 -651.746 -651.746 -651.818
-652.265 -652.265 -652.265 -652.338
-646.883 -646.883 -646.883 -646.963
-647.264 -647.264 -647.264 -647.346
-650.188 -651.578 -651.578 -651.656
-650.816 -650.816 -650.816 -650.893
-648.170 -648.170 -648.170 -648.253
-653.490 -653.490 -653.490 -653.565
-654.988 -654.988 -654.988 -655.062
-653.490 -653.490 -653.490 -653.565
-651.972 -651.972 -651.972 -652.042
-651.375 -651.375 -651.375 -651.446
-651.231 -651.231 -651.231 -651.304
-651.220 -651.220 -651.220 -651.295
-649.012 -649.012 -649.012 -649.093
-647.082 -647.151 -647.151 -647.233
-647.321 -647.321 -647.321 -647.400
-649.188 -649.411 -649.411 -649.487
-649.203 -649.203 -649.203 -649.280
-651.538 -651.538 -651.538 -651.615
-651.312 -651.312 -651.312 -651.389
-651.618 -651.618 -651.618 -651.687
-649.685 -649.875 -649.875 -649.953
-647.977 -648.070 -648.070 -648.153
-651.140 -651.140 -651.140 -651.215
-648.179 -648.344 -648.463 -648.545
-644.019 -644.019 -644.019 -644.111
-653.490 -653.490 -653.490 -653.565
-646.532 -646.532 -646.532 -646.618
-647.598 -647.598 -647.598 -647.681
-645.428 -645.428 -645.428 -645.510
-645.459 -645.459 -645.459 -645.547
-462.507 -649.655 -649.655 -649.727
-645.717 -645.717 -645.717 -645.797
-647.325 -647.325 -647.325 -647.410
-654.799 -654.988 -654.988 -655.062
-648.977 -648.977 -648.977 -649.044
-650.096 -650.096 -650.096 -650.173
-645.051 -645.051 -645.051 -645.152
-654.988 -654.988 -654.988 -655.062
-649.027 -649.431 -649.431 -649.504
-648.608 -648.608 -648.608 -648.684
-647.944 -647.944 -647.944 -648.027
-649.396 -649.396 -649.396 -649.466
-649.786 -650.111 -650.111 -650.194
-646.102 -646.485 -646.640 -646.784
-647.551 -647.551 -647.551 -647.642
-649.394 -649.394 -649.394 -649.459
-644.268 -645.915 -645.915 -645.997
-641.351 -641.351 -641.351 -641.441
-647.091 -647.091 -647.091 -647.184
-650.489 -650.489 -650.489 -650.565
-646.390 -647.243 -647.243 -647.328
-649.634 -649.954 -649.954 -650.028
-648.163 -648.163 -648.163 -648.236
-654.988 -654.988 -654.988 -655.062
-653.490 -653.490 -653.490 -653.565
-651.972 -651.972 -651.972 -652.042
-650.188 -651.578 -651.578 -651.656
-651.220 -651.220 -651.220 -651.295
-648.020 -648.020 -648.020 -648.108
-650.558 -650.558 -650.558 -650.630
-654.988 -654.988 -654.988 -655.062
-644.856 -644.856 -644.856 -644.947
-648.781 -648.781 -648.781 -648.859
-650.510 -650.510 -650.510 -650.589
-646.938 -646.938 -646.938 -647.012
-645.323 -646.869 -646.869 -646.951
-647.164 -647.387 -648.101 -648.184
-652.179 -652.179 -652.179 -652.253
-649.222 -649.274 -649.274 -649.350
-643.327 -643.425 -643.425 -643.516
-643.733 -643.733 -643.733 -643.813
-649.337 -649.337 -649.337 -649.414
-648.263 -648.263 -648.263 -648.336
-646.356 -646.356 -646.356 -646.428
-642.991 -642.991 -642.991 -643.073
-645.549 -645.549 -645.549 -645.628
-650.337 -650.337 -650.337 -650.420
-643.310 -643.310 -643.310 -643.391
-646.731 -646.731 -646.731 -646.816
-648.076 -648.076 -648.076 -648.158
-647.669 -647.669 -647.669 -647.753
-646.149 -646.149 -646.149 -646.223
-651.231 -651.231 -651.231 -651.304
-642.655 -642.655 -642.655 -642.737
-650.156 -650.156 -650.156 -650.227
-651.578 -651.578 -651.578 -651.656
-649.307 -649.307 -649.307 -649.379
-648.977 -648.977 -648.977 -649.044
-649.261 -649.261 -649.261 -649.337
-648.639 -648.639 -648.639 -648.724
-646.743 -646.743 -646.743 -646.835
-652.819 -652.819 -652.819 -652.892
-648.834 -649.367 -649.367 -649.446
-648.834 -649.386 -649.386 -649.467
-644.627 -644.627 -644.627 -644.715
-649.422 -649.422 -649.422 -649.501
-646.514 -646.540 -646.540 -646.621
-654.988 -654.988 -654.988 -655.062
-640.612 -649.664 -649.664 -649.748
-654.799 -654.988 -654.988 -655.062
-653.490 -653.490 -653.490 -653.565
-651.972 -651.972 -651.972 -652.042
-650.188 -651.578 -651.578 -651.656
-651.220 -651.220 -651.220 -651.295
-649.394 -649.394 -649.394 -649.459
-648.212 -648.212 -648.212 -648.291
-647.154 -647.154 -647.154 -647.237
-649.828 -649.828 -649.828 -649.909
-649.394 -649.394 -649.394 -649.459
-644.098 -644.098 -644.098 -644.201
-652.053 -652.053 -652.053 -652.128
-650.407 -650.407 -650.407 -650.486
-645.856 -645.856 -645.856 -645.942
-646.936 -646.936 -646.936 -647.021
-648.254 -648.254 -648.254 -648.343
-648.234 -648.234 -648.234 -648.317
-646.963 -646.962 -646.962 -647.049
-647.517 -647.517 -647.517 -647.611
-648.748 -648.847 -648.847 -648.930
-647.667 -647.667 -647.667 -647.750
-647.839 -647.839 -647.839 -647.924
-642.217 -649.327 -649.327 -649.411
-644.524 -647.012 -647.012 -647.094
-649.651 -649.651 -649.651 -649.721
-649.098 -649.098 -649.098 -649.179
-649.955 -649.955 -649.955 -650.026
-649.357 -649.357 -649.357 -649.426
-649.783 -649.887 -649.887 -649.975
-646.737 -646.737 -646.737 -646.817
-648.529 -648.529 -648.529 -648.618
-645.792 -648.510 -648.510 -648.582
-647.203 -649.008 -649.008 -649.082
-645.703 -645.703 -645.703 -645.792
-651.419 -651.419 -651.419 -651.493
-649.348 -649.348 -649.348 -649.427
-649.158 -649.158 -649.158 -649.222
-652.861 -652.861 -652.861 -652.933
-650.266 -650.266 -650.266 -650.348
-648.693 -649.011 -649.011 -649.084
-646.063 -647.167 -647.167 -647.256
-647.811 -647.811 -647.811 -647.891
-641.440 -645.089 -645.636 -646.096
-647.776 -647.776 -647.776 -647.865
-652.311 -652.311 -652.311 -652.387
-652.146 -652.146 -652.146 -652.220
-654.988 -654.988 -654.988 -655.062
-653.490 -653.490 -653.490 -653.565
-651.972 -651.972 -651.972 -652.042
-650.188 -651.578 -651.578 -651.656
-651.220 -651.220 -651.220 -651.295
-649.394 -649.394 -649.394 -649.459
-651.538 -651.538 -651.538 -651.615
-649.464 -649.464 -649.464 -649.551
-650.311 -650.311 -650.311 -650.389
-643.915 -643.915 -643.915 -643.995
-651.796 -651.796 -651.796 -651.874
-648.999 -648.999 -648.999 -649.066
-644.379 -644.379 -644.379 -644.453
-650.639 -650.639 -650.639 -650.711
-647.947 -647.947 -647.947 -648.030
-649.864 -649.864 -649.864 -649.942
-647.111 -647.111 -647.111 -647.199
-648.413 -648.413 -648.413 -648.494
-645.959 -645.959 -645.959 -646.036
-649.461 -649.461 -649.461 -649.542
-651.255 -651.254 -651.254 -651.329
-652.311 -652.311 -652.311 -652.387
-646.122 -646.122 -646.122 -646.208
-650.677 -650.677 -650.677 -650.747
-648.451 -648.451 -648.451 -648.535
11.205 -645.940 -645.940 -646.019
-651.805 -651.805 -651.805 -651.877
-651.016 -651.016 -651.016 -651.094
-643.587 -643.587 -643.587 -643.672
-648.925 -648.925 -648.925 -649.007
-646.922 -646.922 -646.922 -647.012
-646.647 -646.647 -646.647 -646.726
-649.751 -649.887 -649.887 -649.968
-648.236 -648.236 -648.236 -648.309
-642.514 -642.514 -642.514 -642.598
-646.320 -646.320 -646.320 -646.406
-651.586 -651.586 -651.586 -651.666
-651.201 -651.201 -651.201 -651.279
-651.894 -651.894 -651.894 -651.972
-648.211 -648.211 -648.211 -648.298
-645.037 -645.037 -645.037 -645.125
-650.680 -650.778 -650.778 -650.856
-647.114 -647.114 -647.114 -647.201
-649.163 -649.163 -649.163 -649.237
-649.403 -649.403 -649.403 -649.479
-650.785 -650.948 -650.948 -651.023
-645.208 -647.492 -647.492 -647.576
-654.988 -654.988 -654.988 -655.062
-653.490 -653.490 -653.490 -653.565
-650.188 -651.578 -651.578 -651.656
-651.220 -651.220 -651.220 -651.295
-649.783 -649.887 -649.887 -649.975
-649.394 -649.394 -649.394 -649.459
-645.262 -645.262 -645.262 -645.340
-650.884 -650.884 -650.884 -650.960
-646.894 -646.894 -646.894 -646.986
-643.313 -643.313 -643.313 -643.393
-651.945 -651.945 -651.945 -652.023
-650.847 -650.847 -650.847 -650.918
-647.696 -647.768 -647.768 -647.849
-649.954 -649.954 -649.954 -650.029
-652.702 -652.702 -652.702 -652.775
-648.696 -648.696 -648.696 -648.787
-651.016 -651.016 -651.016 -651.094
-651.700 -652.053 -652.053 -652.128
-642.215 -642.215 -642.215 -642.297
-652.014 -652.014 -652.014 -652.092
-647.559 -647.559 -647.559 -647.650
-649.588 -649.730 -649.730 -649.811
-648.488 -648.800 -648.800 -648.881
-652.018 -652.018 -652.018 -652.093
-651.256 -651.256 -651.256 -651.326
-650.662 -650.662 -650.662 -650.737
-643.173 -643.173 -643.173 -643.255
-464.701 -646.594 -646.594 -646.682
-649.651 -649.651 -649.651 -649.721
-643.807 -643.807 -643.807 -643.884
-650.302 -650.302 -650.302 -650.381
-646.684 -646.684 -646.684 -646.766
-648.821 -648.821 -648.821 -648.904
-648.346 -648.346 -648.346 -648.434
-644.710 -644.710 -644.710 -644.796
-648.373 -648.373 -648.373 -648.447
-649.039 -649.039 -649.039 -649.117
-650.639 -650.639 -650.639 -650.711
-649.551 -649.551 -649.551 -649.618
-647.200 -647.200 -647.200 -647.280
-644.247 -644.400 -644.400 -644.485
-646.939 -646.955 -646.955 -647.033
-651.658 -651.658 -651.658 -651.731
-641.244 -643.088 -643.088 -643.176
-643.761 -643.761 -643.761 -643.851
-643.558 -646.334 -646.334 -646.421
-644.607 -646.981 -647.018 -647.103
-654.988 -654.988 -654.988 -655.062
-653.490 -653.490 -653.490 -653.565
-651.586 -651.586 -651.586 -651.666
-651.220 -651.220 -651.220 -651.295
-649.783 -649.887 -649.887 -649.975
-649.394 -649.394 -649.394 -649.459
-649.590 -649.590 -649.590 -649.671
-647.473 -647.510 -647.510 -647.590
-646.510 -646.510 -646.510 -646.606
-650.036 -650.036 -650.036 -650.115
-647.571 -647.571 -647.571 -647.651
-646.541 -646.541 -646.541 -646.625
-647.823 -647.823 -647.823 -647.912
-650.599 -650.599 -650.599 -650.670
-650.322 -650.322 -650.322 -650.393
-648.687 -648.687 -648.687 -648.777
-650.949 -650.949 -650.949 -651.030
-648.821 -648.821 -648.821 -648.904
-648.443 -648.443 -648.443 -648.526
-643.272 -643.272 -643.272 -643.353
-649.515 -649.515 -649.515 -649.597
-645.983 -645.983 -645.983 -646.073
-644.650 -644.735 -644.735 -644.819
-645.541 -645.541 -645.541 -645.635
-650.302 -650.302 -650.302 -650.381
-648.614 -648.614 -648.614 -648.682
-646.023 -646.023 -646.023 -646.117
-648.693 -648.693 -648.693 -648.782
-648.977 -648.977 -648.977 -649.044
-644.043 -644.043 -644.043 -644.118
-649.558 -649.558 -649.558 -649.623
-649.887 -649.887 -649.887 -649.968
-637.262 -639.059 -640.659 -642.340
-646.298 -646.298 -646.298 -646.392
-649.849 -649.849 -649.849 -649.931
-647.564 -647.564 -647.564 -647.636
-652.702 -652.702 -652.702 -652.775
-650.347 -650.347 -650.347 -650.423
-646.783 -646.910 -646.910 -646.999
-651.256 -651.256 -651.256 -651.326
-654.988 -654.988 -654.988 -655.062
-649.620 -649.796 -649.796 -649.868
-647.070 -647.803 -647.832 -647.916
-646.897 -648.258 -648.258 -648.335
-644.186 -646.515 -646.515 -646.603
-652.014 -652.014 -652.014 -652.092
-652.014 -652.014 -652.014 -652.092
-654.988 -654.988 -654.988 -655.062
-653.490 -653.490 -653.490 -653.565
-651.256 -651.256 -651.256 -651.326
-651.220 -651.220 -651.220 -651.295
-651.016 -651.016 -651.016 -651.094
-650.302 -650.302 -650.302 -650.381
-651.090 -651.215 -651.215 -651.289
-646.089 -646.089 -646.089 -646.171
-648.239 -648.239 -648.239 -648.320
-645.295 -645.294 -645.294 -645.384
-648.778 -648.778 -648.778 -648.858
-648.757 -649.242 -649.277 -649.362
-648.378 -648.377 -648.377 -648.457
-649.495 -649.495 -649.495 -649.565
-651.312 -651.312 -651.312 -651.389
-642.457 -642.457 -642.457 -642.548
-644.158 -644.158 -644.158 -644.236
-651.452 -651.452 -651.452 -651.536
-649.501 -649.509 -649.509 -649.576
-643.601 -643.601 -643.601 -643.681
-651.153 -651.153 -651.153 -651.242
-648.566 -648.566 -648.566 -648.651
-641.294 -641.294 -641.294 -641.382
-651.972 -651.972 -651.972 -652.042
-649.886 -649.886 -649.886 -649.958
-651.108 -651.256 -651.256 -651.326
-648.445 -648.445 -648.445 -648.526
-649.471 -649.470 -649.470 -649.553
-645.463 -645.463 -645.463 -645.554
-649.515 -649.515 -649.515 -649.597
-652.075 -652.075 -652.075 -652.152
-652.058 -652.058 -652.058 -652.136
-649.408 -649.408 -649.408 -649.490
-627.238 -648.127 -648.127 -648.212
-651.237 -651.237 -651.237 -651.309
-650.388 -650.388 -650.388 -650.458
-649.675 -649.675 -649.675 -649.749
-650.409 -650.409 -650.409 -650.490
-641.716 -642.997 -643.799 -643.973
-648.352 -649.389 -649.927 -650.005
-651.429 -651.429 -651.429 -651.507
-649.059 -649.059 -649.059 -649.147
-653.490 -653.490 -653.490 -653.565
-652.014 -652.014 -652.014 -652.092
-648.236 -648.236 -648.236 -648.322
-643.218 -643.218 -643.218 -643.312
-654.988 -654.988 -654.988 -655.062
-653.490 -653.490 -653.490 -653.565
-651.256 -651.256 -651.256 -651.326
-651.220 -651.220 -651.220 -651.295
-651.016 -651.016 -651.016 -651.094
-650.302 -650.302 -650.302 -650.381
-648.988 -648.988 -648.988 -649.066
-637.982 -637.982 -637.982 -638.079
-652.678 -652.678 -652.678 -652.751
-647.802 -647.802 -647.802 -647.871
-643.838 -643.838 -643.838 -643.920
-648.405 -648.405 -648.405 -648.490
-643.228 -643.228 -643.228 -643.313
-651.538 -651.538 -651.538 -651.615
-650.414 -650.414 -650.414 -650.489
-647.571 -647.571 -647.571 -647.653
-647.890 -647.890 -647.890 -647.978
-651.333 -651.366 -651.366 -651.441
-649.800 -649.800 -649.800 -649.872
-651.318 -651.318 -651.318 -651.391
-649.886 -649.886 -649.886 -649.958
-649.717 -649.717 -649.717 -649.787
-649.509 -649.509 -649.509 -649.576
-649.961 -650.057 -650.057 -650.133
-649.655 -649.655 -649.655 -649.739
-649.427 -649.427 -649.427 -649.499
-651.621 -651.621 -651.621 -651.696
-646.840 -646.840 -646.840 -646.924
-651.315 -651.315 -651.315 -651.399
-647.726 -647.726 -647.726 -647.792
-641.649 -641.649 -641.649 -641.729
-643.370 -643.370 -643.370 -643.448
-648.022 -648.022 -648.022 -648.096
-649.702 -649.701 -649.701 -649.769
-646.311 -646.311 -646.311 -646.394
-648.035 -648.035 -648.035 -648.125
-648.422 -648.422 -648.422 -648.507
-649.803 -649.803 -649.803 -649.884
-649.509 -649.509 -649.509 -649.576
-652.075 -652.075 -652.075 -652.152
-650.993 -650.993 -650.993 -651.070
-651.925 -651.925 -651.925 -652.000
-647.892 -649.173 -649.173 -649.248
-649.535 -649.535 -649.535 -649.614
-646.546 -646.546 -646.546 -646.637
-635.854 -648.608 -648.608 -648.684
-649.233 -650.086 -650.086 -650.166
-654.988 -654.988 -654.988 -655.062
-653.490 -653.490 -653.490 -653.565
-651.972 -651.972 -651.972 -652.042
-651.429 -651.429 -651.429 -651.507
-651.220 -651.220 -651.220 -651.295
-650.388 -650.388 -650.388 -650.458
-648.134 -648.134 -648.134 -648.203
-650.918 -650.917 -650.917 -650.993
-645.064 -645.064 -645.064 -645.146
-645.951 -645.951 -645.951 -646.040
-652.058 -652.058 -652.058 -652.136
-643.294 -643.294 -643.294 -643.388
-646.922 -646.922 -646.922 -647.005
-651.376 -651.376 -651.376 -651.457
-652.846 -652.846 -652.846 -652.921
-648.553 -648.553 -648.553 -648.640
-647.629 -647.629 -647.629 -647.715
-649.995 -649.995 -649.995 -650.068
-651.148 -651.148 -651.148 -651.226
-653.490 -653.490 -653.490 -653.565
-649.985 -649.985 -649.985 -650.061
-646.812 -646.812 -646.812 -646.906
-647.752 -647.752 -647.752 -647.833
-650.302 -650.302 -650.302 -650.381
-646.744 -646.744 -646.744 -646.825
-642.781 -642.781 -642.781 -642.876
-645.162 -645.162 -645.162 -645.244
-642.784 -642.784 -642.784 -642.864
-645.153 -645.153 -645.153 -645.231
-645.204 -645.457 -645.457 -645.532
-606.916 -643.784 -643.799 -643.877
-649.569 -649.569 -649.569 -649.637
-649.059 -649.059 -649.059 -649.147
-650.302 -650.302 -650.302 -650.381
-649.208 -649.208 -649.208 -649.285
-649.757 -649.757 -649.757 -649.831
-651.578 -651.578 -651.578 -651.656
-650.949 -650.949 -650.949 -651.030
-649.237 -649.237 -649.237 -649.318
-652.075 -652.075 -652.075 -652.152
-652.075 -652.075 -652.075 -652.152
-653.490 -653.490 -653.490 -653.565
-644.314 -651.140 -651.140 -651.215
-650.710 -650.710 -650.710 -650.784
-652.179 -652.179 -652.179 -652.253
-643.698 -643.698 -643.698 -643.777
-654.988 -654.988 -654.988 -655.062
-653.490 -653.490 -653.490 -653.565
-651.972 -651.972 -651.972 -652.042
-651.429 -651.429 -651.429 -651.507
-651.318 -651.318 -651.318 -651.391
-647.890 -647.890 -647.890 -647.978
-651.185 -651.201 -651.201 -651.279
-649.018 -649.018 -649.018 -649.094
-650.884 -650.884 -650.884 -650.958
-646.492 -646.492 -646.492 -646.573
-648.279 -649.258 -649.258 -649.331
-648.030 -648.030 -648.030 -648.122
-646.423 -646.423 -646.423 -646.500
-649.636 -649.636 -649.636 -649.719
-644.756 -644.756 -644.756 -644.826
-649.239 -649.239 -649.239 -649.321
-642.252 -642.252 -642.252 -642.348
-650.342 -650.342 -650.342 -650.421
-650.923 -650.923 -650.923 -650.995
-651.972 -651.972 -651.972 -652.042
-643.606 -643.606 -643.606 -643.705
-649.121 -649.121 -649.121 -649.212
-648.580 -648.580 -648.580 -648.664
-646.839 -646.839 -646.839 -646.924
-647.985 -647.985 -647.985 -648.088
-649.232 -649.232 -649.232 -649.316
-643.948 -643.948 -643.948 -644.024
-646.196 -646.196 -646.196 -646.284
-648.557 -648.557 -648.557 -648.643
-650.462 -650.462 -650.462 -650.542
-648.832 -648.832 -648.832 -648.920
-651.318 -651.318 -651.318 -651.391
-647.840 -647.840 -647.840 -647.929
-651.318 -651.318 -651.318 -651.391
-647.917 -647.917 -647.917 -648.001
-642.227 -642.227 -642.227 -642.322
-649.917 -650.418 -650.418 -650.497
-648.977 -648.977 -648.977 -649.044
-650.618 -650.618 -650.618 -650.694
-649.311 -649.310 -649.310 -649.376
-653.490 -653.490 -653.490 -653.565
-650.602 -650.602 -650.602 -650.677
-652.060 -652.060 -652.060 -652.131
-645.005 -646.408 -646.637 -646.725
-648.962 -648.962 -648.962 -649.048
-651.235 -651.657 -651.657 -651.735
-654.988 -654.988 -654.988 -655.062
-653.490 -653.490 -653.490 -653.565
-651.972 -651.972 -651.972 -652.042
-651.578 -651.578 -651.578 -651.656
-650.302 -650.302 -650.302 -650.381
-648.553 -648.553 -648.553 -648.640
-643.676 -643.676 -643.676 -643.768
-649.740 -649.740 -649.740 -649.812
-648.776 -648.776 -648.776 -648.856
-648.529 -648.529 -648.529 -648.607
-648.196 -648.196 -648.196 -648.287
-650.614 -650.614 -650.614 -650.686
-644.143 -644.143 -644.143 -644.220
-648.884 -648.884 -648.884 -648.960
-649.130 -649.130 -649.130 -649.205
-644.152 -644.152 -644.152 -644.241
-649.070 -649.070 -649.070 -649.145
-650.074 -650.074 -650.074 -650.155
-643.356 -643.356 -643.356 -643.435
-644.970 -644.970 -644.970 -645.053
-650.884 -650.884 -650.884 -650.964
-651.046 -651.046 -651.046 -651.122
-651.088 -651.088 -651.088 -651.170
-648.708 -648.708 -648.708 -648.794
-647.593 -647.593 -647.593 -647.676
-648.939 -651.943 -651.943 -652.025
-648.645 -648.645 -648.645 -648.729
-646.638 -646.638 -646.638 -646.710
-648.977 -648.977 -648.977 -649.044
-647.626 -647.626 -647.626 -647.702
-646.262 -646.262 -646.262 -646.344
-646.469 -646.469 -646.469 -646.552
-643.072 -643.072 -643.072 -643.151
-647.968 -647.968 -647.968 -648.047
-646.324 -646.324 -646.324 -646.398
-648.188 -648.188 -648.188 -648.274
-647.523 -647.523 -647.523 -647.608
-646.624 -646.624 -646.624 -646.716
-651.837 -651.836 -651.836 -651.907
-644.858 -644.858 -644.858 -644.935
-649.567 -649.567 -649.567 -649.639
-649.188 -651.452 -651.452 -651.536
-644.574 -645.016 -645.016 -645.096
-642.974 -642.974 -642.974 -643.060
-649.534 -649.534 -649.534 -649.602
-646.977 -648.595 -648.595 -648.679
-646.812 -646.812 -646.812 -646.897
-654.988 -654.988 -654.988 -655.062
-653.490 -653.490 -653.490 -653.565
-651.972 -651.972 -651.972 -652.042
-651.578 -651.578 -651.578 -651.656
-650.302 -650.302 -650.302 -650.381
-649.232 -649.232 -649.232 -649.316
-651.376 -651.376 -651.376 -651.457
-650.112 -650.112 -650.112 -650.187
-649.686 -649.686 -649.686 -649.764
-650.220 -650.220 -650.220 -650.295
-652.846 -652.846 -652.846 -652.921
-649.708 -649.708 -649.708 -649.793
-651.201 -651.201 -651.201 -651.279
-647.076 -647.076 -647.076 -647.218
-642.215 -642.215 -642.215 -642.295
-648.172 -648.172 -648.172 -648.252
-650.919 -650.919 -650.919 -650.998
-647.168 -647.168 -647.168 -647.248
-649.531 -650.195 -650.195 -650.271
-650.302 -650.302 -650.302 -650.381
-650.364 -650.718 -650.718 -650.796
-649.081 -649.081 -649.081 -649.171
-648.405 -648.405 -648.405 -648.490
-649.085 -649.085 -649.085 -649.149
-643.926 -643.926 -643.926 -644.014
-648.619 -649.286 -649.286 -649.372
-649.235 -649.235 -649.235 -649.300
-644.097 -644.096 -644.096 -644.187
-643.611 -643.611 -643.611 -643.687
-648.131 -648.131 -648.131 -648.217
-651.256 -651.256 -651.256 -651.326
-647.791 -647.791 -647.791 -647.871
-637.979 -637.979 -637.979 -638.066
-643.384 -643.384 -643.384 -643.478
-648.997 -648.997 -648.997 -649.082
-654.988 -654.988 -654.988 -655.062
-650.062 -650.062 -650.062 -650.141
-650.118 -650.118 -650.118 -650.202
-648.953 -648.953 -648.953 -649.030
-647.871 -647.871 -647.871 -647.953
-646.703 -646.703 -646.703 -646.791
-651.972 -651.972 -651.972 -652.042
-651.129 -651.129 -651.129 -651.199
-640.907 -649.515 -649.530 -649.610
-647.569 -647.569 -647.569 -647.634
-647.395 -647.395 -647.395 -647.477
-651.073 -651.073 -651.073 -651.148
-654.988 -654.988 -654.988 -655.062
-653.490 -653.490 -653.490 -653.565
-651.972 -651.972 -651.972 -652.042
-648.939 -651.943 -651.943 -652.025
-651.578 -651.578 -651.578 -651.656
-650.302 -650.302 -650.302 -650.381
-649.774 -649.963 -649.963 -650.039
-647.750 -647.750 -647.750 -647.824
-647.968 -647.968 -647.968 -648.052
-645.394 -645.394 -645.394 -645.473
-650.637 -650.637 -650.637 -650.716
-651.925 -651.925 -651.925 -652.000
-650.098 -650.098 -650.098 -650.182
-644.093 -644.092 -644.092 -644.178
-648.702 -648.702 -648.702 -648.794
-651.578 -651.578 -651.578 -651.656
-647.401 -647.401 -647.401 -647.477
-645.792 -645.792 -645.792 -645.876
-648.621 -648.621 -648.621 -648.698
-649.970 -650.350 -650.350 -650.424
-648.045 -648.045 -648.045 -648.128
-647.794 -650.697 -650.697 -650.770
-652.846 -652.846 -652.846 -652.921
-649.626 -649.880 -649.880 -649.957
-648.467 -648.467 -648.467 -648.551
-643.645 -643.645 -643.645 -643.731
-646.360 -646.360 -646.360 -646.446
-644.235 -644.235 -644.235 -644.311
-651.690 -651.690 -651.690 -651.761
-560.670 -652.003 -652.003 -652.073
-647.788 -647.788 -647.788 -647.863
-649.686 -649.686 -649.686 -649.749
-651.116 -651.256 -651.256 -651.326
-651.585 -651.585 -651.585 -651.660
-641.199 -641.623 -641.825 -642.035
-648.464 -648.464 -648.464 -648.544
-647.637 -647.637 -647.637 -647.718
-650.929 -650.929 -650.929 -651.013
-649.047 -649.047 -649.047 -649.131
-649.019 -650.235 -650.235 -650.315
-649.081 -649.081 -649.081 -649.171
-648.487 -648.487 -648.487 -648.572
-649.464 -649.464 -649.464 -649.551
-654.988 -654.988 -654.988 -655.062
-650.572 -650.572 -650.572 -650.647
-650.255 -650.351 -650.351 -650.424
-654.988 -654.988 -654.988 -655.062
-653.490 -653.490 -653.490 -653.565
-651.972 -651.972 -651.972 -652.042
-648.939 -651.943 -651.943 -652.025
-651.578 -651.578 -651.578 -651.656
-650.302 -650.302 -650.302 -650.381
-651.411 -651.617 -651.617 -651.694
-653.490 -653.490 -653.490 -653.565
-645.933 -645.933 -645.933 -646.680
-643.448 -643.448 -643.448 -643.541
-649.689 -649.689 -649.689 -649.781
-651.585 -651.585 -651.585 -651.660
-646.616 -646.616 -646.616 -646.704
-648.452 -648.735 -648.735 -648.821
-648.615 -648.615 -648.615 -648.694
-649.898 -649.897 -649.897 -649.968
-651.791 -651.791 -651.791 -651.866
-649.147 -649.147 -649.147 -649.213
-650.460 -650.460 -650.460 -650.535
-645.463 -645.463 -645.463 -645.554
-647.980 -647.980 -647.980 -648.057
-648.587 -648.587 -648.587 -648.662
-645.774 -645.774 -645.774 -645.853
-648.281 -648.420 -648.420 -648.513
-649.512 -649.512 -649.512 -649.597
-563.967 -649.482 -649.619 -649.700
-647.073 -647.073 -647.073 -647.165
-646.288 -646.288 -646.288 -646.358
-646.596 -646.596 -646.596 -646.669
-648.196 -648.196 -648.196 -648.288
-647.968 -647.968 -647.968 -648.047
-647.287 -647.287 -647.287 -647.371
-648.293 -648.293 -648.293 -648.368
-643.944 -643.944 -643.944 -644.035
-642.227 -642.227 -642.227 -642.322
-651.919 -651.919 -651.919 -651.989
-649.464 -649.464 -649.464 -649.551
-649.464 -649.464 -649.464 -649.551
-649.512 -649.512 -649.512 -649.594
-650.302 -650.302 -650.302 -650.381
-648.252 -648.914 -648.914 -649.001
-652.861 -652.861 -652.861 -652.933
-629.621 -647.617 -648.238 -648.323
-652.060 -652.060 -652.060 -652.131
-646.816 -649.789 -649.789 -649.862
-654.988 -654.988 -654.988 -655.062
-653.490 -653.490 -653.490 -653.565
-651.972 -651.972 -651.972 -652.042
-647.794 -650.697 -650.697 -650.770
-650.302 -650.302 -650.302 -650.381
-649.019 -650.235 -650.235 -650.315
-647.474 -647.474 -647.474 -647.559
-647.998 -650.016 -650.016 -650.090
-650.377 -650.377 -650.377 -650.452
-647.397 -647.397 -647.397 -647.492
-643.864 -643.864 -643.864 -643.949
-647.516 -647.516 -647.516 -647.599
-649.638 -649.638 -649.638 -649.708
-648.408 -648.408 -648.408 -648.489
-650.719 -650.719 -650.719 -650.794
-650.388 -651.176 -651.176 -651.248
-652.265 -652.265 -652.265 -652.338
-652.678 -652.678 -652.678 -652.751
-647.057 -647.057 -647.057 -647.139
-649.501 -649.501 -649.501 -649.578
-645.753 -646.177 -646.177 -646.262
-649.087 -650.416 -650.416 -650.491
-648.565 -648.565 -648.565 -648.643
-648.288 -648.288 -648.288 -648.371
-647.500 -647.500 -647.500 -647.589
-641.989 -641.989 -641.989 -642.081
-652.166 -652.166 -652.166 -652.237
-640.882 -640.882 -640.882 -640.990
-646.177 -646.898 -646.898 -647.003
-648.097 -648.097 -648.097 -648.187
-648.263 -648.580 -648.580 -648.664
-645.736 -645.736 -645.736 -645.834
-648.529 -648.529 -648.529 -648.618
-649.506 -649.578 -649.578 -649.650
-617.162 -649.887 -649.887 -649.968
-649.464 -649.464 -649.464 -649.551
-649.142 -649.142 -649.142 -649.222
-649.792 -649.792 -649.792 -649.866
-651.426 -651.426 -651.426 -651.506
-651.925 -651.925 -651.925 -652.000
-649.480 -650.342 -650.342 -650.419
-649.553 -649.586 -649.586 -649.671
-652.861 -652.861 -652.861 -652.933
-649.888 -650.033 -650.033 -650.107
-651.837 -651.836 -651.836 -651.907
-647.990 -647.990 -647.990 -648.069
-654.988 -654.988 -654.988 -655.062
-653.490 -653.490 -653.490 -653.565
-651.972 -651.972 -651.972 -652.042
-647.794 -650.697 -650.697 -650.770
-650.302 -650.302 -650.302 -650.381
-649.019 -650.235 -650.235 -650.315
-645.737 -650.496 -650.496 -650.566
-647.080 -647.080 -647.080 -647.173
-647.710 -647.710 -647.710 -647.781
-640.713 -640.713 -640.713 -640.800
-643.941 -643.941 -643.941 -644.027
-646.572 -646.571 -646.571 -646.653
-651.934 -651.934 -651.934 -652.003
-648.008 -648.008 -648.008 -648.090
-649.669 -649.669 -649.669 -649.744
-648.927 -648.927 -648.927 -648.995
-642.412 -642.412 -642.412 -642.491
-648.456 -648.456 -648.456 -648.538
-647.330 -647.330 -647.330 -647.400
-649.006 -649.006 -649.006 -649.088
-647.595 -648.219 -648.219 -648.297
-648.664 -648.664 -648.664 -648.752
-645.282 -645.536 -645.536 -645.626
-650.377 -650.377 -650.377 -650.452
-648.364 -648.364 -648.364 -648.452
-649.396 -649.396 -649.396 -649.466
-648.635 -648.635 -648.635 -648.717
-650.026 -650.026 -650.026 -650.098
-644.174 -644.174 -644.174 -644.283
-527.395 -644.269 -644.269 -644.342
-647.968 -647.968 -647.968 -648.047
-335.039 -650.210 -650.210 -650.281
-647.968 -647.968 -647.968 -648.047
-643.834 -643.834 -643.834 -643.924
-650.067 -650.067 -650.067 -650.147
-651.040 -651.112 -651.112 -651.185
-646.567 -647.085 -647.085 -647.174
-649.067 -649.067 -649.067 -649.147
-649.627 -649.706 -649.706 -649.788
-652.678 -652.678 -652.678 -652.751
-650.298 -650.298 -650.298 -650.373
-645.674 -645.674 -645.674 -645.753
-648.131 -648.131 -648.131 -648.217
-649.562 -649.761 -649.761 -649.846
-645.901 -645.901 -645.901 -645.985
-648.405 -648.667 -648.667 -648.749
-652.130 -652.130 -652.130 -652.209
-654.988 -654.988 -654.988 -655.062
-653.490 -653.490 -653.490 -653.565
-651.972 -651.972 -651.972 -652.042
-650.719 -650.719 -650.719 -650.794
-650.302 -650.302 -650.302 -650.381
-649.019 -650.235 -650.235 -650.315
-652.819 -652.819 -652.819 -652.892
-652.846 -652.846 -652.846 -652.921
-649.675 -649.675 -649.675 -649.741
-650.186 -650.186 -650.186 -650.265
-646.337 -646.337 -646.337 -646.426
-643.354 -643.354 -643.354 -643.436
-649.481 -649.481 -649.481 -649.559
-647.533 -648.253 -648.253 -648.897
-648.483 -648.483 -648.483 -648.561
-647.998 -647.998 -647.998 -648.087
-649.235 -649.235 -649.235 -649.300
-647.158 -647.158 -647.158 -647.248
-647.838 -647.838 -647.838 -647.915
-649.761 -649.761 -649.761 -649.842
-645.902 -645.902 -645.902 -645.982
-652.053 -652.053 -652.053 -652.128
-650.230 -650.230 -650.230 -650.311
-648.154 -648.154 -648.154 -648.245
-653.490 -653.490 -653.490 -653.565
-638.358 -645.058 -646.682 -647.492
-647.170 -647.170 -647.170 -647.246
-647.961 -647.961 -647.961 -648.051
-450.702 -649.276 -649.276 -649.362
-649.258 -649.258 -649.258 -649.332
-601.252 -648.216 -648.252 -648.325
-642.714 -642.714 -642.714 -642.796
-645.437 -645.437 -645.437 -645.522
-648.883 -648.883 -648.883 -648.959
-647.439 -647.439 -647.439 -647.523
-641.139 -641.139 -641.139 -641.222
-646.647 -646.647 -646.647 -646.726
-652.292 -652.292 -652.292 -652.365
-650.067 -650.067 -650.067 -650.147
-651.586 -651.586 -651.586 -651.666
-652.179 -652.179 -652.179 -652.253
-652.179 -652.179 -652.179 -652.253
-647.612 -647.612 -647.612 -647.689
-651.220 -651.220 -651.220 -651.295
-649.566 -649.566 -649.566 -649.639
-651.049 -651.095 -651.095 -651.176
-654.988 -654.988 -654.988 -655.062
-653.490 -653.490 -653.490 -653.565
-651.972 -651.972 -651.972 -652.042
-651.040 -651.112 -651.112 -651.185
-650.302 -650.302 -650.302 -650.381
-650.298 -650.298 -650.298 -650.373
