+-----+------+------------------+-------------+---------------+-----------------+---------------+--------------+
|  ID | Rank |      Origin      | Composition | Enthalpy (eV) | Structure order | Average order | Quasientropy |
+-----+------+------------------+-------------+---------------+-----------------+---------------+--------------+
| 166 |  0   | Softmodemutation |    Mo: 36   |    -160.691   |       0.180     |      0.186    |     0.028    |
| 161 |  1   | Softmodemutation |    Mo: 36   |    -160.510   |       0.179     |      0.185    |     0.031    |
| 155 |  2   |  RandSymPyXtal   |    Mo: 36   |    -160.231   |       0.187     |      0.190    |     0.015    |
| 864 |  3   |     Heredity     |    Mo: 36   |    -160.077   |       0.146     |      0.169    |     0.108    |
| 459 |  4   | Softmodemutation |    Mo: 36   |    -160.023   |       0.153     |      0.175    |     0.100    |
| 299 |  5   | Softmodemutation |    Mo: 36   |    -159.990   |       0.177     |      0.184    |     0.034    |
|  41 |  6   | Softmodemutation |    Mo: 36   |    -159.825   |       0.156     |      0.179    |     0.091    |
|  18 |  7   |  RandSymPyXtal   |    Mo: 36   |    -159.589   |       0.162     |      0.173    |     0.055    |
| 247 |  8   | Softmodemutation |    Mo: 36   |    -159.558   |       0.116     |      0.138    |     0.133    |
| 201 |  9   | Softmodemutation |    Mo: 36   |    -159.433   |       0.121     |      0.140    |     0.124    |
| 446 |  10  | Softmodemutation |    Mo: 36   |    -159.391   |       0.123     |      0.143    |     0.122    |
| 934 |  11  | Softmodemutation |    Mo: 36   |    -159.238   |       0.118     |      0.141    |     0.142    |
| 453 |  12  | Softmodemutation |    Mo: 36   |    -159.221   |       0.148     |      0.170    |     0.100    |
| 202 |  13  | Softmodemutation |    Mo: 36   |    -159.196   |       0.123     |      0.145    |     0.129    |
| 494 |  14  | Softmodemutation |    Mo: 36   |    -159.180   |       0.152     |      0.173    |     0.092    |
| 539 |  15  | Softmodemutation |    Mo: 36   |    -159.151   |       0.121     |      0.143    |     0.125    |
| 159 |  16  |  RandSymPyXtal   |    Mo: 36   |    -159.135   |       0.116     |      0.140    |     0.139    |
|  42 |  17  | Softmodemutation |    Mo: 36   |    -159.112   |       0.151     |      0.172    |     0.098    |
| 406 |  18  | Softmodemutation |    Mo: 36   |    -159.045   |       0.124     |      0.142    |     0.113    |
| 282 |  19  | Softmodemutation |    Mo: 36   |    -159.013   |       0.112     |      0.138    |     0.150    |
| 322 |  20  | Softmodemutation |    Mo: 36   |    -158.938   |       0.159     |      0.171    |     0.066    |
| 118 |  21  |  RandSymPyXtal   |    Mo: 36   |    -158.843   |       0.115     |      0.138    |     0.142    |
| 573 |  22  | Softmodemutation |    Mo: 36   |    -158.836   |       0.119     |      0.140    |     0.126    |
| 802 |  23  | Softmodemutation |    Mo: 36   |    -158.814   |       0.111     |      0.147    |     0.184    |
| 447 |  24  | Softmodemutation |    Mo: 36   |    -158.795   |       0.117     |      0.143    |     0.147    |
| 649 |  25  | Softmodemutation |    Mo: 36   |    -158.785   |       0.115     |      0.138    |     0.135    |
| 167 |  26  | Softmodemutation |    Mo: 36   |    -158.783   |       0.117     |      0.139    |     0.135    |
| 569 |  27  | Softmodemutation |    Mo: 36   |    -158.753   |       0.117     |      0.139    |     0.133    |
| 196 |  28  |  RandSymPyXtal   |    Mo: 36   |    -158.738   |       0.169     |      0.179    |     0.055    |
| 647 |  29  | Softmodemutation |    Mo: 36   |    -158.720   |       0.125     |      0.144    |     0.114    |
| 330 |  30  | Softmodemutation |    Mo: 36   |    -158.700   |       0.114     |      0.139    |     0.149    |
| 598 |  31  |  RandSymPyXtal   |    Mo: 36   |    -158.671   |       0.121     |      0.142    |     0.126    |
| 522 |  32  | Softmodemutation |    Mo: 36   |    -158.666   |       0.123     |      0.141    |     0.115    |
| 481 |  33  | Softmodemutation |    Mo: 36   |    -158.664   |       0.116     |      0.141    |     0.146    |
| 899 |  34  | Softmodemutation |    Mo: 36   |    -158.659   |       0.148     |      0.170    |     0.105    |
| 852 |  35  | Softmodemutation |    Mo: 36   |    -158.637   |       0.118     |      0.141    |     0.137    |
| 435 |  36  |  RandSymPyXtal   |    Mo: 36   |    -158.603   |       0.111     |      0.145    |     0.161    |
| 498 |  37  | Softmodemutation |    Mo: 36   |    -158.584   |       0.118     |      0.137    |     0.119    |
| 803 |  38  | Softmodemutation |    Mo: 36   |    -158.561   |       0.153     |      0.168    |     0.082    |
| 290 |  39  | Softmodemutation |    Mo: 36   |    -158.552   |       0.172     |      0.178    |     0.036    |
| 616 |  40  | Softmodemutation |    Mo: 36   |    -158.534   |       0.123     |      0.150    |     0.141    |
| 100 |  41  | Softmodemutation |    Mo: 36   |    -158.513   |       0.116     |      0.136    |     0.125    |
| 607 |  42  | Softmodemutation |    Mo: 36   |    -158.510   |       0.117     |      0.136    |     0.125    |
| 216 |  43  | Softmodemutation |    Mo: 36   |    -158.509   |       0.149     |      0.171    |     0.107    |
| 635 |  44  |  RandSymPyXtal   |    Mo: 36   |    -158.508   |       0.120     |      0.143    |     0.125    |
| 327 |  45  | Softmodemutation |    Mo: 36   |    -158.506   |       0.113     |      0.135    |     0.137    |
| 971 |  46  | Softmodemutation |    Mo: 36   |    -158.492   |       0.170     |      0.179    |     0.046    |
| 691 |  47  | Softmodemutation |    Mo: 36   |    -158.480   |       0.155     |      0.169    |     0.079    |
|  83 |  48  | Softmodemutation |    Mo: 36   |    -158.474   |       0.124     |      0.141    |     0.107    |
| 681 |  49  | Softmodemutation |    Mo: 36   |    -158.451   |       0.125     |      0.140    |     0.101    |
| 685 |  50  | Softmodemutation |    Mo: 36   |    -158.442   |       0.120     |      0.138    |     0.117    |
| 687 |  51  | Softmodemutation |    Mo: 36   |    -158.399   |       0.108     |      0.144    |     0.190    |
| 147 |  52  |     Heredity     |    Mo: 36   |    -158.381   |       0.113     |      0.139    |     0.153    |
| 780 |  53  | Softmodemutation |    Mo: 36   |    -158.374   |       0.122     |      0.146    |     0.132    |
| 513 |  54  |  RandSymPyXtal   |    Mo: 36   |    -158.370   |       0.126     |      0.141    |     0.096    |
| 613 |  55  | Softmodemutation |    Mo: 36   |    -158.367   |       0.121     |      0.139    |     0.114    |
| 735 |  56  | Softmodemutation |    Mo: 36   |    -158.338   |       0.113     |      0.141    |     0.161    |
| 808 |  57  | Softmodemutation |    Mo: 36   |    -158.322   |       0.122     |      0.143    |     0.133    |
| 684 |  58  | Softmodemutation |    Mo: 36   |    -158.302   |       0.113     |      0.136    |     0.140    |
| 938 |  59  | Softmodemutation |    Mo: 36   |    -158.294   |       0.161     |      0.171    |     0.056    |
| 493 |  60  | Softmodemutation |    Mo: 36   |    -158.288   |       0.115     |      0.136    |     0.131    |
| 724 |  61  | Softmodemutation |    Mo: 36   |    -158.286   |       0.160     |      0.171    |     0.059    |
| 517 |  62  |  RandSymPyXtal   |    Mo: 36   |    -158.278   |       0.172     |      0.180    |     0.040    |
| 326 |  63  | Softmodemutation |    Mo: 36   |    -158.218   |       0.127     |      0.143    |     0.103    |
|  48 |  64  | Softmodemutation |    Mo: 36   |    -158.198   |       0.113     |      0.135    |     0.135    |
| 486 |  65  | Softmodemutation |    Mo: 36   |    -158.196   |       0.126     |      0.143    |     0.106    |
| 563 |  66  | Softmodemutation |    Mo: 36   |    -158.196   |       0.117     |      0.139    |     0.128    |
| 130 |  67  | Softmodemutation |    Mo: 36   |    -158.176   |       0.146     |      0.166    |     0.101    |
|  91 |  68  | Softmodemutation |    Mo: 36   |    -158.166   |       0.130     |      0.144    |     0.092    |
| 962 |  69  | Softmodemutation |    Mo: 36   |    -158.164   |       0.106     |      0.140    |     0.181    |
| 818 |  70  | Softmodemutation |    Mo: 36   |    -158.157   |       0.175     |      0.180    |     0.026    |
| 799 |  71  |  RandSymPyXtal   |    Mo: 36   |    -158.154   |       0.112     |      0.138    |     0.154    |
|  19 |  72  |  RandSymPyXtal   |    Mo: 36   |    -158.140   |       0.124     |      0.140    |     0.101    |
|  31 |  73  |  RandSymPyXtal   |    Mo: 36   |    -158.123   |       0.115     |      0.137    |     0.134    |
|  40 |  74  | Softmodemutation |    Mo: 36   |    -158.120   |       0.128     |      0.145    |     0.103    |
| 815 |  75  | Softmodemutation |    Mo: 36   |    -158.098   |       0.120     |      0.140    |     0.125    |
| 135 |  76  | Softmodemutation |    Mo: 36   |    -158.063   |       0.135     |      0.152    |     0.094    |
| 978 |  77  | Softmodemutation |    Mo: 36   |    -158.057   |       0.161     |      0.170    |     0.049    |
| 727 |  78  | Softmodemutation |    Mo: 36   |    -158.031   |       0.123     |      0.139    |     0.107    |
| 441 |  79  | Softmodemutation |    Mo: 36   |    -158.030   |       0.109     |      0.144    |     0.183    |
| 841 |  80  | Softmodemutation |    Mo: 36   |    -158.029   |       0.116     |      0.141    |     0.145    |
| 179 |  81  | Softmodemutation |    Mo: 36   |    -158.023   |       0.151     |      0.174    |     0.098    |
| 127 |  82  | Softmodemutation |    Mo: 36   |    -158.017   |       0.122     |      0.139    |     0.111    |
| 601 |  83  | Softmodemutation |    Mo: 36   |    -158.017   |       0.119     |      0.148    |     0.148    |
|  16 |  84  |  RandSymPyXtal   |    Mo: 36   |    -158.012   |       0.129     |      0.147    |     0.109    |
| 193 |  85  |  RandSymPyXtal   |    Mo: 36   |    -158.005   |       0.119     |      0.140    |     0.127    |
| 534 |  86  | Softmodemutation |    Mo: 36   |    -158.004   |       0.115     |      0.138    |     0.144    |
| 528 |  87  | Softmodemutation |    Mo: 36   |    -157.992   |       0.124     |      0.141    |     0.113    |
| 174 |  88  | Softmodemutation |    Mo: 36   |    -157.990   |       0.127     |      0.144    |     0.105    |
| 976 |  89  | Softmodemutation |    Mo: 36   |    -157.989   |       0.131     |      0.146    |     0.094    |
| 291 |  90  | Softmodemutation |    Mo: 36   |    -157.975   |       0.122     |      0.139    |     0.104    |
| 651 |  91  | Softmodemutation |    Mo: 36   |    -157.934   |       0.119     |      0.137    |     0.109    |
| 957 |  92  |  RandSymPyXtal   |    Mo: 36   |    -157.931   |       0.121     |      0.138    |     0.107    |
| 318 |  93  |  RandSymPyXtal   |    Mo: 36   |    -157.916   |       0.128     |      0.144    |     0.105    |
|  86 |  94  | Softmodemutation |    Mo: 36   |    -157.916   |       0.152     |      0.175    |     0.093    |
| 420 |  95  | Softmodemutation |    Mo: 36   |    -157.903   |       0.109     |      0.142    |     0.184    |
| 440 |  96  | Softmodemutation |    Mo: 36   |    -157.898   |       0.108     |      0.141    |     0.180    |
| 339 |  97  | Softmodemutation |    Mo: 36   |    -157.877   |       0.132     |      0.145    |     0.085    |
| 775 |  98  | Softmodemutation |    Mo: 36   |    -157.851   |       0.119     |      0.142    |     0.136    |
| 405 |  99  | Softmodemutation |    Mo: 36   |    -157.833   |       0.146     |      0.158    |     0.074    |
| 129 | 100  | Softmodemutation |    Mo: 36   |    -157.833   |       0.126     |      0.145    |     0.116    |
| 996 | 101  |  RandSymPyXtal   |    Mo: 36   |    -157.831   |       0.121     |      0.139    |     0.113    |
|  21 | 102  |  RandSymPyXtal   |    Mo: 36   |    -157.829   |       0.116     |      0.136    |     0.126    |
| 850 | 103  | Softmodemutation |    Mo: 36   |    -157.823   |       0.148     |      0.168    |     0.098    |
|  96 | 104  | Softmodemutation |    Mo: 36   |    -157.818   |       0.133     |      0.149    |     0.102    |
| 859 | 105  | Softmodemutation |    Mo: 36   |    -157.816   |       0.111     |      0.137    |     0.154    |
| 401 | 106  | Softmodemutation |    Mo: 36   |    -157.791   |       0.115     |      0.138    |     0.138    |
| 857 | 107  | Softmodemutation |    Mo: 36   |    -157.786   |       0.111     |      0.138    |     0.159    |
| 657 | 108  | Softmodemutation |    Mo: 36   |    -157.778   |       0.117     |      0.140    |     0.140    |
| 353 | 109  |  RandSymPyXtal   |    Mo: 36   |    -157.775   |       0.124     |      0.142    |     0.114    |
| 694 | 110  | Softmodemutation |    Mo: 36   |    -157.773   |       0.118     |      0.139    |     0.131    |
| 410 | 111  | Softmodemutation |    Mo: 36   |    -157.762   |       0.128     |      0.147    |     0.114    |
| 883 | 112  | Softmodemutation |    Mo: 36   |    -157.761   |       0.134     |      0.150    |     0.096    |
| 979 | 113  | Softmodemutation |    Mo: 36   |    -157.754   |       0.168     |      0.176    |     0.042    |
| 570 | 114  | Softmodemutation |    Mo: 36   |    -157.745   |       0.130     |      0.145    |     0.101    |
| 456 | 115  | Softmodemutation |    Mo: 36   |    -157.737   |       0.111     |      0.134    |     0.139    |
|  38 | 116  |  RandSymPyXtal   |    Mo: 36   |    -157.731   |       0.119     |      0.136    |     0.112    |
| 602 | 117  | Softmodemutation |    Mo: 36   |    -157.728   |       0.121     |      0.141    |     0.122    |
| 718 | 118  |  RandSymPyXtal   |    Mo: 36   |    -157.719   |       0.124     |      0.140    |     0.110    |
| 191 | 119  |     Heredity     |    Mo: 36   |    -157.712   |       0.114     |      0.144    |     0.171    |
| 882 | 120  | Softmodemutation |    Mo: 36   |    -157.710   |       0.131     |      0.155    |     0.127    |
| 732 | 121  | Softmodemutation |    Mo: 36   |    -157.707   |       0.115     |      0.143    |     0.162    |
| 199 | 122  |  RandSymPyXtal   |    Mo: 36   |    -157.707   |       0.118     |      0.139    |     0.126    |
| 392 | 123  |  RandSymPyXtal   |    Mo: 36   |    -157.697   |       0.115     |      0.145    |     0.176    |
| 845 | 124  | Softmodemutation |    Mo: 36   |    -157.693   |       0.118     |      0.143    |     0.138    |
| 362 | 125  | Softmodemutation |    Mo: 36   |    -157.677   |       0.117     |      0.142    |     0.138    |
|  51 | 126  | Softmodemutation |    Mo: 36   |    -157.660   |       0.123     |      0.138    |     0.102    |
| 897 | 127  | Softmodemutation |    Mo: 36   |    -157.655   |       0.117     |      0.137    |     0.126    |
| 241 | 128  | Softmodemutation |    Mo: 36   |    -157.631   |       0.136     |      0.153    |     0.106    |
| 171 | 129  | Softmodemutation |    Mo: 36   |    -157.631   |       0.138     |      0.164    |     0.123    |
| 776 | 130  | Softmodemutation |    Mo: 36   |    -157.618   |       0.114     |      0.139    |     0.151    |
|  94 | 131  | Softmodemutation |    Mo: 36   |    -157.612   |       0.120     |      0.143    |     0.136    |
| 173 | 132  | Softmodemutation |    Mo: 36   |    -157.605   |       0.119     |      0.141    |     0.130    |
| 533 | 133  | Softmodemutation |    Mo: 36   |    -157.555   |       0.124     |      0.142    |     0.113    |
| 777 | 134  | Softmodemutation |    Mo: 36   |    -157.553   |       0.109     |      0.141    |     0.168    |
| 419 | 135  | Softmodemutation |    Mo: 36   |    -157.550   |       0.117     |      0.136    |     0.126    |
|  95 | 136  | Softmodemutation |    Mo: 36   |    -157.536   |       0.124     |      0.142    |     0.111    |
| 128 | 137  | Softmodemutation |    Mo: 36   |    -157.522   |       0.162     |      0.173    |     0.063    |
| 172 | 138  | Softmodemutation |    Mo: 36   |    -157.509   |       0.120     |      0.140    |     0.119    |
| 885 | 139  | Softmodemutation |    Mo: 36   |    -157.501   |       0.112     |      0.138    |     0.152    |
| 160 | 140  | Softmodemutation |    Mo: 36   |    -157.497   |       0.120     |      0.142    |     0.132    |
| 763 | 141  | Softmodemutation |    Mo: 36   |    -157.487   |       0.123     |      0.140    |     0.109    |
|  80 | 142  | Softmodemutation |    Mo: 36   |    -157.478   |       0.116     |      0.135    |     0.125    |
| 379 | 143  | Softmodemutation |    Mo: 36   |    -157.477   |       0.135     |      0.154    |     0.104    |
| 297 | 144  | Softmodemutation |    Mo: 36   |    -157.465   |       0.114     |      0.139    |     0.146    |
| 139 | 145  | Softmodemutation |    Mo: 36   |    -157.450   |       0.121     |      0.139    |     0.114    |
| 572 | 146  | Softmodemutation |    Mo: 36   |    -157.443   |       0.173     |      0.180    |     0.036    |
| 652 | 147  | Softmodemutation |    Mo: 36   |    -157.442   |       0.123     |      0.142    |     0.122    |
| 363 | 148  | Softmodemutation |    Mo: 36   |    -157.418   |       0.112     |      0.141    |     0.164    |
| 809 | 149  | Softmodemutation |    Mo: 36   |    -157.417   |       0.126     |      0.141    |     0.102    |
|  52 | 150  | Softmodemutation |    Mo: 36   |    -157.410   |       0.157     |      0.171    |     0.078    |
| 371 | 151  | Softmodemutation |    Mo: 36   |    -157.403   |       0.117     |      0.137    |     0.128    |
| 805 | 152  | Softmodemutation |    Mo: 36   |    -157.402   |       0.118     |      0.136    |     0.119    |
| 538 | 153  | Softmodemutation |    Mo: 36   |    -157.380   |       0.112     |      0.137    |     0.148    |
| 936 | 154  | Softmodemutation |    Mo: 36   |    -157.374   |       0.134     |      0.148    |     0.085    |
| 562 | 155  | Softmodemutation |    Mo: 36   |    -157.372   |       0.115     |      0.136    |     0.134    |
|  47 | 156  | Softmodemutation |    Mo: 36   |    -157.364   |       0.113     |      0.133    |     0.129    |
| 758 | 157  |  RandSymPyXtal   |    Mo: 36   |    -157.352   |       0.114     |      0.140    |     0.153    |
| 565 | 158  | Softmodemutation |    Mo: 36   |    -157.343   |       0.124     |      0.141    |     0.110    |
| 767 | 159  | Softmodemutation |    Mo: 36   |    -157.339   |       0.155     |      0.169    |     0.083    |
| 561 | 160  | Softmodemutation |    Mo: 36   |    -157.326   |       0.117     |      0.136    |     0.116    |
| 137 | 161  | Softmodemutation |    Mo: 36   |    -157.325   |       0.136     |      0.151    |     0.099    |
| 409 | 162  | Softmodemutation |    Mo: 36   |    -157.323   |       0.113     |      0.143    |     0.171    |
| 324 | 163  | Softmodemutation |    Mo: 36   |    -157.317   |       0.174     |      0.179    |     0.035    |
| 688 | 164  | Softmodemutation |    Mo: 36   |    -157.316   |       0.118     |      0.145    |     0.146    |
| 370 | 165  | Softmodemutation |    Mo: 36   |    -157.293   |       0.156     |      0.171    |     0.080    |
|  29 | 166  |  RandSymPyXtal   |    Mo: 36   |    -157.287   |       0.127     |      0.141    |     0.094    |
|  75 | 167  |  RandSymPyXtal   |    Mo: 36   |    -157.284   |       0.121     |      0.139    |     0.118    |
| 963 | 168  | Softmodemutation |    Mo: 36   |    -157.278   |       0.108     |      0.139    |     0.176    |
|  84 | 169  | Softmodemutation |    Mo: 36   |    -157.271   |       0.114     |      0.138    |     0.142    |
| 895 | 170  | Softmodemutation |    Mo: 36   |    -157.243   |       0.128     |      0.145    |     0.106    |
| 726 | 171  | Softmodemutation |    Mo: 36   |    -157.242   |       0.119     |      0.140    |     0.126    |
| 531 | 172  | Softmodemutation |    Mo: 36   |    -157.228   |       0.128     |      0.142    |     0.092    |
| 116 | 173  |  RandSymPyXtal   |    Mo: 36   |    -157.228   |       0.151     |      0.174    |     0.095    |
| 759 | 174  |  RandSymPyXtal   |    Mo: 36   |    -157.225   |       0.117     |      0.139    |     0.137    |
| 329 | 175  | Softmodemutation |    Mo: 36   |    -157.207   |       0.121     |      0.138    |     0.111    |
| 524 | 176  | Softmodemutation |    Mo: 36   |    -157.199   |       0.130     |      0.148    |     0.107    |
| 198 | 177  |  RandSymPyXtal   |    Mo: 36   |    -157.196   |       0.119     |      0.139    |     0.118    |
| 967 | 178  | Softmodemutation |    Mo: 36   |    -157.195   |       0.122     |      0.143    |     0.130    |
| 772 | 179  | Softmodemutation |    Mo: 36   |    -157.191   |       0.119     |      0.140    |     0.129    |
| 873 | 180  |  RandSymPyXtal   |    Mo: 36   |    -157.183   |       0.133     |      0.150    |     0.108    |
| 753 | 181  |  RandSymPyXtal   |    Mo: 36   |    -157.179   |       0.113     |      0.136    |     0.130    |
| 599 | 182  |  RandSymPyXtal   |    Mo: 36   |    -157.158   |       0.122     |      0.144    |     0.127    |
| 761 | 183  | Softmodemutation |    Mo: 36   |    -157.156   |       0.115     |      0.138    |     0.139    |
| 597 | 184  |  RandSymPyXtal   |    Mo: 36   |    -157.155   |       0.134     |      0.148    |     0.088    |
| 457 | 185  | Softmodemutation |    Mo: 36   |    -157.151   |       0.123     |      0.139    |     0.105    |
| 814 | 186  | Softmodemutation |    Mo: 36   |    -157.147   |       0.124     |      0.141    |     0.107    |
| 843 | 187  | Softmodemutation |    Mo: 36   |    -157.146   |       0.124     |      0.145    |     0.127    |
| 122 | 188  | Softmodemutation |    Mo: 36   |    -157.126   |       0.127     |      0.147    |     0.116    |
| 131 | 189  | Softmodemutation |    Mo: 36   |    -157.124   |       0.121     |      0.142    |     0.126    |
| 373 | 190  | Softmodemutation |    Mo: 36   |    -157.103   |       0.117     |      0.137    |     0.133    |
| 797 | 191  |  RandSymPyXtal   |    Mo: 36   |    -157.098   |       0.161     |      0.173    |     0.064    |
| 693 | 192  | Softmodemutation |    Mo: 36   |    -157.072   |       0.107     |      0.141    |     0.183    |
| 123 | 193  | Softmodemutation |    Mo: 36   |    -157.070   |       0.123     |      0.142    |     0.120    |
| 378 | 194  | Softmodemutation |    Mo: 36   |    -157.063   |       0.115     |      0.141    |     0.142    |
| 729 | 195  | Softmodemutation |    Mo: 36   |    -157.061   |       0.130     |      0.144    |     0.093    |
| 603 | 196  | Softmodemutation |    Mo: 36   |    -157.061   |       0.115     |      0.135    |     0.127    |
| 717 | 197  |  RandSymPyXtal   |    Mo: 36   |    -157.034   |       0.120     |      0.147    |     0.151    |
| 773 | 198  | Softmodemutation |    Mo: 36   |    -157.033   |       0.127     |      0.143    |     0.102    |
| 965 | 199  | Softmodemutation |    Mo: 36   |    -157.032   |       0.121     |      0.140    |     0.123    |
| 454 | 200  | Softmodemutation |    Mo: 36   |    -157.025   |       0.134     |      0.153    |     0.099    |
| 295 | 201  | Softmodemutation |    Mo: 36   |    -157.017   |       0.120     |      0.139    |     0.122    |
| 288 | 202  | Softmodemutation |    Mo: 36   |    -157.017   |       0.115     |      0.138    |     0.139    |
| 477 | 203  |  RandSymPyXtal   |    Mo: 36   |    -157.007   |       0.154     |      0.167    |     0.072    |
| 272 | 204  |  RandSymPyXtal   |    Mo: 36   |    -156.997   |       0.135     |      0.146    |     0.073    |
| 404 | 205  | Softmodemutation |    Mo: 36   |    -156.990   |       0.122     |      0.139    |     0.106    |
| 600 | 206  | Softmodemutation |    Mo: 36   |    -156.989   |       0.124     |      0.142    |     0.114    |
| 800 | 207  | Softmodemutation |    Mo: 36   |    -156.985   |       0.131     |      0.145    |     0.092    |
| 881 | 208  | Softmodemutation |    Mo: 36   |    -156.982   |       0.124     |      0.139    |     0.101    |
| 682 | 209  | Softmodemutation |    Mo: 36   |    -156.981   |       0.114     |      0.137    |     0.139    |
| 418 | 210  | Softmodemutation |    Mo: 36   |    -156.979   |       0.125     |      0.146    |     0.122    |
| 239 | 211  |  RandSymPyXtal   |    Mo: 36   |    -156.972   |       0.119     |      0.137    |     0.120    |
| 851 | 212  | Softmodemutation |    Mo: 36   |    -156.962   |       0.116     |      0.140    |     0.136    |
| 340 | 213  | Softmodemutation |    Mo: 36   |    -156.959   |       0.159     |      0.170    |     0.063    |
|  76 | 214  |  RandSymPyXtal   |    Mo: 36   |    -156.956   |       0.119     |      0.136    |     0.113    |
| 488 | 215  | Softmodemutation |    Mo: 36   |    -156.942   |       0.126     |      0.142    |     0.104    |
| 480 | 216  | Softmodemutation |    Mo: 36   |    -156.941   |       0.122     |      0.138    |     0.107    |
| 605 | 217  | Softmodemutation |    Mo: 36   |    -156.932   |       0.120     |      0.139    |     0.115    |
|  4  | 218  |  RandSymPyXtal   |    Mo: 36   |    -156.927   |       0.123     |      0.143    |     0.121    |
| 414 | 219  | Softmodemutation |    Mo: 36   |    -156.921   |       0.109     |      0.139    |     0.166    |
| 455 | 220  | Softmodemutation |    Mo: 36   |    -156.910   |       0.125     |      0.142    |     0.108    |
| 286 | 221  | Softmodemutation |    Mo: 36   |    -156.910   |       0.111     |      0.138    |     0.155    |
| 358 | 222  |  RandSymPyXtal   |    Mo: 36   |    -156.902   |       0.108     |      0.141    |     0.178    |
| 930 | 223  | Softmodemutation |    Mo: 36   |    -156.897   |       0.123     |      0.144    |     0.118    |
| 546 | 224  |     Heredity     |    Mo: 36   |    -156.891   |       0.115     |      0.142    |     0.155    |
|  35 | 225  |  RandSymPyXtal   |    Mo: 36   |    -156.887   |       0.133     |      0.155    |     0.120    |
|  7  | 226  |  RandSymPyXtal   |    Mo: 36   |    -156.887   |       0.141     |      0.156    |     0.092    |
| 170 | 227  | Softmodemutation |    Mo: 36   |    -156.885   |       0.116     |      0.138    |     0.136    |
| 919 | 228  |  RandSymPyXtal   |    Mo: 36   |    -156.881   |       0.132     |      0.147    |     0.099    |
| 966 | 229  | Softmodemutation |    Mo: 36   |    -156.872   |       0.119     |      0.139    |     0.118    |
| 439 | 230  |  RandSymPyXtal   |    Mo: 36   |    -156.871   |       0.113     |      0.136    |     0.141    |
| 251 | 231  | Softmodemutation |    Mo: 36   |    -156.847   |       0.120     |      0.140    |     0.124    |
| 578 | 232  | Softmodemutation |    Mo: 36   |    -156.842   |       0.114     |      0.138    |     0.147    |
| 412 | 233  | Softmodemutation |    Mo: 36   |    -156.822   |       0.124     |      0.142    |     0.116    |
| 816 | 234  | Softmodemutation |    Mo: 36   |    -156.822   |       0.110     |      0.140    |     0.167    |
| 636 | 235  |  RandSymPyXtal   |    Mo: 36   |    -156.821   |       0.123     |      0.142    |     0.116    |
| 567 | 236  | Softmodemutation |    Mo: 36   |    -156.811   |       0.117     |      0.137    |     0.130    |
|  85 | 237  | Softmodemutation |    Mo: 36   |    -156.802   |       0.121     |      0.142    |     0.127    |
| 537 | 238  | Softmodemutation |    Mo: 36   |    -156.795   |       0.129     |      0.146    |     0.100    |
|  93 | 239  | Softmodemutation |    Mo: 36   |    -156.795   |       0.163     |      0.176    |     0.059    |
| 355 | 240  |  RandSymPyXtal   |    Mo: 36   |    -156.791   |       0.172     |      0.179    |     0.038    |
| 774 | 241  | Softmodemutation |    Mo: 36   |    -156.774   |       0.111     |      0.139    |     0.161    |
| 837 | 242  |  RandSymPyXtal   |    Mo: 36   |    -156.769   |       0.174     |      0.182    |     0.043    |
| 344 | 243  |     Heredity     |    Mo: 36   |    -156.769   |       0.107     |      0.137    |     0.168    |
| 968 | 244  | Softmodemutation |    Mo: 36   |    -156.758   |       0.108     |      0.141    |     0.183    |
| 240 | 245  | Softmodemutation |    Mo: 36   |    -156.756   |       0.120     |      0.138    |     0.114    |
| 551 | 246  |     Heredity     |    Mo: 36   |    -156.756   |       0.114     |      0.140    |     0.151    |
| 608 | 247  | Softmodemutation |    Mo: 36   |    -156.754   |       0.121     |      0.142    |     0.120    |
| 929 | 248  | Softmodemutation |    Mo: 36   |    -156.745   |       0.119     |      0.139    |     0.128    |
|  39 | 249  |  RandSymPyXtal   |    Mo: 36   |    -156.742   |       0.127     |      0.141    |     0.094    |
| 335 | 250  | Softmodemutation |    Mo: 36   |    -156.739   |       0.112     |      0.136    |     0.140    |
| 500 | 251  | Softmodemutation |    Mo: 36   |    -156.717   |       0.122     |      0.139    |     0.109    |
| 916 | 252  |  RandSymPyXtal   |    Mo: 36   |    -156.699   |       0.132     |      0.152    |     0.121    |
| 175 | 253  | Softmodemutation |    Mo: 36   |    -156.684   |       0.121     |      0.144    |     0.137    |
|  30 | 254  |  RandSymPyXtal   |    Mo: 36   |    -156.656   |       0.117     |      0.136    |     0.129    |
| 483 | 255  | Softmodemutation |    Mo: 36   |    -156.648   |       0.121     |      0.144    |     0.130    |
| 274 | 256  |  RandSymPyXtal   |    Mo: 36   |    -156.639   |       0.149     |      0.167    |     0.094    |
| 334 | 257  | Softmodemutation |    Mo: 36   |    -156.634   |       0.120     |      0.142    |     0.133    |
| 615 | 258  | Softmodemutation |    Mo: 36   |    -156.633   |       0.122     |      0.142    |     0.123    |
| 833 | 259  |  RandSymPyXtal   |    Mo: 36   |    -156.624   |       0.120     |      0.141    |     0.121    |
| 372 | 260  | Softmodemutation |    Mo: 36   |    -156.624   |       0.117     |      0.134    |     0.114    |
| 238 | 261  |  RandSymPyXtal   |    Mo: 36   |    -156.618   |       0.118     |      0.139    |     0.133    |
| 519 | 262  |  RandSymPyXtal   |    Mo: 36   |    -156.600   |       0.116     |      0.137    |     0.127    |
| 182 | 263  |     Heredity     |    Mo: 36   |    -156.598   |       0.121     |      0.135    |     0.097    |
| 366 | 264  | Softmodemutation |    Mo: 36   |    -156.565   |       0.133     |      0.146    |     0.084    |
| 250 | 265  | Softmodemutation |    Mo: 36   |    -156.536   |       0.129     |      0.147    |     0.111    |
| 514 | 266  |  RandSymPyXtal   |    Mo: 36   |    -156.532   |       0.144     |      0.161    |     0.090    |
| 914 | 267  |  RandSymPyXtal   |    Mo: 36   |    -156.529   |       0.152     |      0.167    |     0.082    |
| 442 | 268  | Softmodemutation |    Mo: 36   |    -156.497   |       0.139     |      0.167    |     0.127    |
| 887 | 269  | Softmodemutation |    Mo: 36   |    -156.497   |       0.122     |      0.137    |     0.103    |
| 686 | 270  | Softmodemutation |    Mo: 36   |    -156.495   |       0.121     |      0.143    |     0.131    |
| 217 | 271  | Softmodemutation |    Mo: 36   |    -156.494   |       0.172     |      0.178    |     0.038    |
| 133 | 272  | Softmodemutation |    Mo: 36   |    -156.486   |       0.121     |      0.140    |     0.116    |
| 252 | 273  | Softmodemutation |    Mo: 36   |    -156.475   |       0.168     |      0.177    |     0.049    |
|  44 | 274  | Softmodemutation |    Mo: 36   |    -156.470   |       0.119     |      0.139    |     0.122    |
| 365 | 275  | Softmodemutation |    Mo: 36   |    -156.468   |       0.128     |      0.142    |     0.096    |
| 536 | 276  | Softmodemutation |    Mo: 36   |    -156.465   |       0.116     |      0.142    |     0.146    |
| 138 | 277  | Softmodemutation |    Mo: 36   |    -156.458   |       0.162     |      0.172    |     0.054    |
| 281 | 278  | Softmodemutation |    Mo: 36   |    -156.450   |       0.115     |      0.135    |     0.124    |
|  82 | 279  | Softmodemutation |    Mo: 36   |    -156.446   |       0.117     |      0.136    |     0.121    |
| 737 | 280  | Softmodemutation |    Mo: 36   |    -156.428   |       0.114     |      0.137    |     0.139    |
|  64 | 281  |     Heredity     |    Mo: 36   |    -156.426   |       0.110     |      0.137    |     0.158    |
| 937 | 282  | Softmodemutation |    Mo: 36   |    -156.417   |       0.125     |      0.142    |     0.116    |
| 289 | 283  | Softmodemutation |    Mo: 36   |    -156.413   |       0.145     |      0.167    |     0.105    |
| 444 | 284  | Softmodemutation |    Mo: 36   |    -156.403   |       0.119     |      0.140    |     0.127    |
| 529 | 285  | Softmodemutation |    Mo: 36   |    -156.379   |       0.110     |      0.135    |     0.150    |
| 656 | 286  | Softmodemutation |    Mo: 36   |    -156.379   |       0.116     |      0.138    |     0.127    |
| 360 | 287  | Softmodemutation |    Mo: 36   |    -156.358   |       0.123     |      0.145    |     0.126    |
| 700 | 288  | Softmodemutation |    Mo: 36   |    -156.349   |       0.129     |      0.144    |     0.098    |
| 490 | 289  | Softmodemutation |    Mo: 36   |    -156.349   |       0.124     |      0.141    |     0.113    |
| 972 | 290  | Softmodemutation |    Mo: 36   |    -156.346   |       0.122     |      0.145    |     0.136    |
| 640 | 291  | Softmodemutation |    Mo: 36   |    -156.344   |       0.117     |      0.134    |     0.116    |
| 316 | 292  |  RandSymPyXtal   |    Mo: 36   |    -156.339   |       0.118     |      0.141    |     0.134    |
| 499 | 293  | Softmodemutation |    Mo: 36   |    -156.323   |       0.122     |      0.139    |     0.113    |
| 397 | 294  |  RandSymPyXtal   |    Mo: 36   |    -156.316   |       0.123     |      0.140    |     0.104    |
| 153 | 295  |  RandSymPyXtal   |    Mo: 36   |    -156.315   |       0.156     |      0.168    |     0.071    |
| 849 | 296  | Softmodemutation |    Mo: 36   |    -156.289   |       0.121     |      0.137    |     0.104    |
| 402 | 297  | Softmodemutation |    Mo: 36   |    -156.266   |       0.135     |      0.151    |     0.102    |
| 176 | 298  | Softmodemutation |    Mo: 36   |    -156.256   |       0.115     |      0.139    |     0.146    |
| 400 | 299  | Softmodemutation |    Mo: 36   |    -156.244   |       0.139     |      0.152    |     0.088    |
| 555 | 300  |  RandSymPyXtal   |    Mo: 36   |    -156.243   |       0.110     |      0.137    |     0.157    |
| 641 | 301  | Softmodemutation |    Mo: 36   |    -156.243   |       0.123     |      0.142    |     0.118    |
| 256 | 302  | Softmodemutation |    Mo: 36   |    -156.233   |       0.120     |      0.139    |     0.118    |
| 933 | 303  | Softmodemutation |    Mo: 36   |    -156.216   |       0.130     |      0.146    |     0.098    |
| 396 | 304  |  RandSymPyXtal   |    Mo: 36   |    -156.186   |       0.133     |      0.152    |     0.104    |
| 333 | 305  | Softmodemutation |    Mo: 36   |    -156.184   |       0.122     |      0.140    |     0.111    |
| 229 | 306  |     Heredity     |    Mo: 36   |    -156.183   |       0.112     |      0.138    |     0.149    |
|  25 | 307  |  RandSymPyXtal   |    Mo: 36   |    -156.167   |       0.137     |      0.158    |     0.104    |
| 575 | 308  | Softmodemutation |    Mo: 36   |    -156.165   |       0.123     |      0.139    |     0.108    |
| 228 | 309  |     Heredity     |    Mo: 36   |    -156.164   |       0.125     |      0.140    |     0.100    |
| 721 | 310  | Softmodemutation |    Mo: 36   |    -156.163   |       0.108     |      0.138    |     0.172    |
| 658 | 311  | Softmodemutation |    Mo: 36   |    -156.161   |       0.110     |      0.136    |     0.152    |
| 720 | 312  | Softmodemutation |    Mo: 36   |    -156.160   |       0.117     |      0.141    |     0.143    |
| 889 | 313  | Softmodemutation |    Mo: 36   |    -156.151   |       0.115     |      0.137    |     0.132    |
|  99 | 314  | Softmodemutation |    Mo: 36   |    -156.145   |       0.120     |      0.143    |     0.129    |
| 208 | 315  | Softmodemutation |    Mo: 36   |    -156.143   |       0.150     |      0.161    |     0.070    |
| 591 | 316  |     Heredity     |    Mo: 36   |    -156.135   |       0.125     |      0.146    |     0.124    |
| 734 | 317  | Softmodemutation |    Mo: 36   |    -156.127   |       0.113     |      0.145    |     0.169    |
| 121 | 318  | Softmodemutation |    Mo: 36   |    -156.110   |       0.116     |      0.143    |     0.154    |
| 411 | 319  | Softmodemutation |    Mo: 36   |    -156.104   |       0.125     |      0.143    |     0.119    |
|  49 | 320  | Softmodemutation |    Mo: 36   |    -156.101   |       0.154     |      0.170    |     0.080    |
|  9  | 321  |  RandSymPyXtal   |    Mo: 36   |    -156.096   |       0.124     |      0.140    |     0.112    |
| 259 | 322  | Softmodemutation |    Mo: 36   |    -156.091   |       0.125     |      0.144    |     0.116    |
| 579 | 323  | Softmodemutation |    Mo: 36   |    -156.084   |       0.171     |      0.179    |     0.041    |
| 574 | 324  | Softmodemutation |    Mo: 36   |    -156.082   |       0.131     |      0.146    |     0.094    |
| 377 | 325  | Softmodemutation |    Mo: 36   |    -156.081   |       0.118     |      0.138    |     0.128    |
| 683 | 326  | Softmodemutation |    Mo: 36   |    -156.080   |       0.118     |      0.140    |     0.136    |
| 532 | 327  | Softmodemutation |    Mo: 36   |    -156.069   |       0.115     |      0.135    |     0.127    |
| 530 | 328  | Softmodemutation |    Mo: 36   |    -156.059   |       0.121     |      0.137    |     0.114    |
| 443 | 329  | Softmodemutation |    Mo: 36   |    -156.052   |       0.110     |      0.142    |     0.180    |
| 354 | 330  |  RandSymPyXtal   |    Mo: 36   |    -156.046   |       0.127     |      0.142    |     0.104    |
| 211 | 331  | Softmodemutation |    Mo: 36   |    -156.018   |       0.110     |      0.139    |     0.160    |
| 754 | 332  |  RandSymPyXtal   |    Mo: 36   |    -156.009   |       0.119     |      0.137    |     0.120    |
| 891 | 333  | Softmodemutation |    Mo: 36   |    -155.990   |       0.115     |      0.136    |     0.125    |
| 893 | 334  | Softmodemutation |    Mo: 36   |    -155.982   |       0.114     |      0.136    |     0.138    |
| 796 | 335  |  RandSymPyXtal   |    Mo: 36   |    -155.980   |       0.115     |      0.139    |     0.148    |
| 690 | 336  | Softmodemutation |    Mo: 36   |    -155.978   |       0.119     |      0.138    |     0.121    |
| 535 | 337  | Softmodemutation |    Mo: 36   |    -155.977   |       0.120     |      0.138    |     0.111    |
| 760 | 338  | Softmodemutation |    Mo: 36   |    -155.973   |       0.120     |      0.136    |     0.109    |
| 452 | 339  | Softmodemutation |    Mo: 36   |    -155.969   |       0.117     |      0.144    |     0.156    |
| 367 | 340  | Softmodemutation |    Mo: 36   |    -155.968   |       0.121     |      0.142    |     0.124    |
| 928 | 341  | Softmodemutation |    Mo: 36   |    -155.968   |       0.121     |      0.139    |     0.115    |
| 927 | 342  | Softmodemutation |    Mo: 36   |    -155.966   |       0.150     |      0.171    |     0.096    |
| 888 | 343  | Softmodemutation |    Mo: 36   |    -155.931   |       0.115     |      0.138    |     0.138    |
| 923 | 344  | Softmodemutation |    Mo: 36   |    -155.929   |       0.119     |      0.138    |     0.117    |
| 369 | 345  | Softmodemutation |    Mo: 36   |    -155.927   |       0.131     |      0.146    |     0.101    |
| 293 | 346  | Softmodemutation |    Mo: 36   |    -155.925   |       0.115     |      0.136    |     0.135    |
| 421 | 347  |     Heredity     |    Mo: 36   |    -155.917   |       0.119     |      0.146    |     0.151    |
| 896 | 348  | Softmodemutation |    Mo: 36   |    -155.910   |       0.120     |      0.138    |     0.116    |
| 520 | 349  | Softmodemutation |    Mo: 36   |    -155.899   |       0.122     |      0.140    |     0.114    |
| 974 | 350  | Softmodemutation |    Mo: 36   |    -155.895   |       0.119     |      0.137    |     0.118    |
| 204 | 351  | Softmodemutation |    Mo: 36   |    -155.893   |       0.122     |      0.148    |     0.140    |
| 798 | 352  |  RandSymPyXtal   |    Mo: 36   |    -155.891   |       0.120     |      0.144    |     0.138    |
| 331 | 353  | Softmodemutation |    Mo: 36   |    -155.887   |       0.166     |      0.174    |     0.048    |
|  15 | 354  |  RandSymPyXtal   |    Mo: 36   |    -155.879   |       0.153     |      0.171    |     0.089    |
| 964 | 355  | Softmodemutation |    Mo: 36   |    -155.875   |       0.128     |      0.143    |     0.099    |
| 518 | 356  |  RandSymPyXtal   |    Mo: 36   |    -155.866   |       0.123     |      0.142    |     0.117    |
| 132 | 357  | Softmodemutation |    Mo: 36   |    -155.864   |       0.118     |      0.138    |     0.123    |
| 134 | 358  | Softmodemutation |    Mo: 36   |    -155.841   |       0.162     |      0.173    |     0.063    |
| 126 | 359  | Softmodemutation |    Mo: 36   |    -155.839   |       0.116     |      0.137    |     0.136    |
| 403 | 360  | Softmodemutation |    Mo: 36   |    -155.839   |       0.118     |      0.137    |     0.122    |
| 766 | 361  | Softmodemutation |    Mo: 36   |    -155.825   |       0.170     |      0.176    |     0.040    |
| 706 | 362  |     Heredity     |    Mo: 36   |    -155.793   |       0.116     |      0.139    |     0.137    |
| 795 | 363  |  RandSymPyXtal   |    Mo: 36   |    -155.790   |       0.153     |      0.166    |     0.079    |
| 364 | 364  | Softmodemutation |    Mo: 36   |    -155.785   |       0.114     |      0.136    |     0.137    |
| 374 | 365  | Softmodemutation |    Mo: 36   |    -155.784   |       0.123     |      0.139    |     0.106    |
| 415 | 366  | Softmodemutation |    Mo: 36   |    -155.782   |       0.124     |      0.143    |     0.113    |
| 958 | 367  |  RandSymPyXtal   |    Mo: 36   |    -155.775   |       0.161     |      0.175    |     0.078    |
| 801 | 368  | Softmodemutation |    Mo: 36   |    -155.773   |       0.116     |      0.135    |     0.125    |
| 203 | 369  | Softmodemutation |    Mo: 36   |    -155.748   |       0.115     |      0.141    |     0.153    |
| 219 | 370  | Softmodemutation |    Mo: 36   |    -155.735   |       0.117     |      0.136    |     0.122    |
| 654 | 371  | Softmodemutation |    Mo: 36   |    -155.730   |       0.121     |      0.136    |     0.101    |
| 413 | 372  | Softmodemutation |    Mo: 36   |    -155.712   |       0.114     |      0.138    |     0.141    |
| 679 | 373  |  RandSymPyXtal   |    Mo: 36   |    -155.698   |       0.115     |      0.139    |     0.145    |
| 627 | 374  |     Heredity     |    Mo: 36   |    -155.698   |       0.124     |      0.141    |     0.106    |
| 617 | 375  | Softmodemutation |    Mo: 36   |    -155.658   |       0.163     |      0.173    |     0.058    |
| 449 | 376  | Softmodemutation |    Mo: 36   |    -155.650   |       0.110     |      0.138    |     0.158    |
| 844 | 377  | Softmodemutation |    Mo: 36   |    -155.649   |       0.114     |      0.134    |     0.133    |
| 677 | 378  |  RandSymPyXtal   |    Mo: 36   |    -155.638   |       0.114     |      0.134    |     0.131    |
| 328 | 379  | Softmodemutation |    Mo: 36   |    -155.634   |       0.126     |      0.144    |     0.114    |
| 642 | 380  | Softmodemutation |    Mo: 36   |    -155.631   |       0.122     |      0.144    |     0.132    |
| 169 | 381  | Softmodemutation |    Mo: 36   |    -155.630   |       0.165     |      0.175    |     0.054    |
| 361 | 382  | Softmodemutation |    Mo: 36   |    -155.627   |       0.118     |      0.140    |     0.130    |
| 580 | 383  | Softmodemutation |    Mo: 36   |    -155.623   |       0.117     |      0.137    |     0.125    |
| 521 | 384  | Softmodemutation |    Mo: 36   |    -155.621   |       0.122     |      0.142    |     0.129    |
| 941 | 385  |     Heredity     |    Mo: 36   |    -155.621   |       0.129     |      0.145    |     0.102    |
| 495 | 386  | Softmodemutation |    Mo: 36   |    -155.620   |       0.112     |      0.141    |     0.162    |
| 646 | 387  | Softmodemutation |    Mo: 36   |    -155.613   |       0.143     |      0.158    |     0.086    |
| 692 | 388  | Softmodemutation |    Mo: 36   |    -155.591   |       0.156     |      0.170    |     0.082    |
| 931 | 389  | Softmodemutation |    Mo: 36   |    -155.583   |       0.120     |      0.142    |     0.132    |
| 177 | 390  | Softmodemutation |    Mo: 36   |    -155.569   |       0.120     |      0.136    |     0.107    |
| 140 | 391  | Softmodemutation |    Mo: 36   |    -155.558   |       0.121     |      0.140    |     0.122    |
| 595 | 392  |  RandSymPyXtal   |    Mo: 36   |    -155.554   |       0.120     |      0.139    |     0.118    |
|  89 | 393  | Softmodemutation |    Mo: 36   |    -155.553   |       0.133     |      0.152    |     0.117    |
| 611 | 394  | Softmodemutation |    Mo: 36   |    -155.549   |       0.120     |      0.138    |     0.118    |
| 571 | 395  | Softmodemutation |    Mo: 36   |    -155.540   |       0.119     |      0.137    |     0.121    |
| 643 | 396  | Softmodemutation |    Mo: 36   |    -155.532   |       0.121     |      0.141    |     0.119    |
| 285 | 397  | Softmodemutation |    Mo: 36   |    -155.528   |       0.126     |      0.142    |     0.108    |
| 154 | 398  |  RandSymPyXtal   |    Mo: 36   |    -155.525   |       0.170     |      0.179    |     0.048    |
| 368 | 399  | Softmodemutation |    Mo: 36   |    -155.518   |       0.128     |      0.142    |     0.094    |
| 840 | 400  | Softmodemutation |    Mo: 36   |    -155.472   |       0.117     |      0.138    |     0.132    |
| 482 | 401  | Softmodemutation |    Mo: 36   |    -155.470   |       0.120     |      0.145    |     0.137    |
| 157 | 402  |  RandSymPyXtal   |    Mo: 36   |    -155.463   |       0.128     |      0.142    |     0.092    |
| 491 | 403  | Softmodemutation |    Mo: 36   |    -155.460   |       0.123     |      0.142    |     0.116    |
|  79 | 404  |  RandSymPyXtal   |    Mo: 36   |    -155.454   |       0.123     |      0.143    |     0.122    |
| 558 | 405  |  RandSymPyXtal   |    Mo: 36   |    -155.454   |       0.133     |      0.146    |     0.084    |
| 283 | 406  | Softmodemutation |    Mo: 36   |    -155.453   |       0.120     |      0.139    |     0.114    |
|  73 | 407  |  RandSymPyXtal   |    Mo: 36   |    -155.451   |       0.121     |      0.144    |     0.136    |
| 243 | 408  | Softmodemutation |    Mo: 36   |    -155.447   |       0.126     |      0.142    |     0.107    |
| 218 | 409  | Softmodemutation |    Mo: 36   |    -155.444   |       0.112     |      0.136    |     0.143    |
|  45 | 410  | Softmodemutation |    Mo: 36   |    -155.424   |       0.147     |      0.170    |     0.106    |
| 765 | 411  | Softmodemutation |    Mo: 36   |    -155.380   |       0.147     |      0.162    |     0.089    |
| 725 | 412  | Softmodemutation |    Mo: 36   |    -155.373   |       0.115     |      0.138    |     0.142    |
| 485 | 413  | Softmodemutation |    Mo: 36   |    -155.337   |       0.115     |      0.138    |     0.139    |
| 566 | 414  | Softmodemutation |    Mo: 36   |    -155.331   |       0.122     |      0.143    |     0.125    |
| 738 | 415  | Softmodemutation |    Mo: 36   |    -155.326   |       0.122     |      0.140    |     0.108    |
| 824 | 416  |     Heredity     |    Mo: 36   |    -155.312   |       0.114     |      0.135    |     0.130    |
| 890 | 417  | Softmodemutation |    Mo: 36   |    -155.308   |       0.139     |      0.156    |     0.086    |
| 510 | 418  |     Heredity     |    Mo: 36   |    -155.287   |       0.167     |      0.175    |     0.044    |
| 245 | 419  | Softmodemutation |    Mo: 36   |    -155.286   |       0.145     |      0.168    |     0.099    |
| 319 | 420  |  RandSymPyXtal   |    Mo: 36   |    -155.256   |       0.112     |      0.136    |     0.149    |
| 417 | 421  | Softmodemutation |    Mo: 36   |    -155.238   |       0.116     |      0.135    |     0.120    |
| 236 | 422  |  RandSymPyXtal   |    Mo: 36   |    -155.238   |       0.132     |      0.152    |     0.118    |
| 812 | 423  | Softmodemutation |    Mo: 36   |    -155.224   |       0.124     |      0.139    |     0.098    |
|  5  | 424  |  RandSymPyXtal   |    Mo: 36   |    -155.221   |       0.125     |      0.143    |     0.114    |
| 675 | 425  |  RandSymPyXtal   |    Mo: 36   |    -155.206   |       0.109     |      0.136    |     0.159    |
| 206 | 426  | Softmodemutation |    Mo: 36   |    -155.199   |       0.119     |      0.135    |     0.109    |
| 375 | 427  | Softmodemutation |    Mo: 36   |    -155.195   |       0.120     |      0.138    |     0.118    |
|  43 | 428  | Softmodemutation |    Mo: 36   |    -155.182   |       0.169     |      0.175    |     0.038    |
| 249 | 429  | Softmodemutation |    Mo: 36   |    -155.179   |       0.159     |      0.170    |     0.062    |
| 723 | 430  | Softmodemutation |    Mo: 36   |    -155.170   |       0.120     |      0.141    |     0.120    |
| 898 | 431  | Softmodemutation |    Mo: 36   |    -155.166   |       0.128     |      0.153    |     0.128    |
| 961 | 432  | Softmodemutation |    Mo: 36   |    -155.150   |       0.114     |      0.135    |     0.131    |
|  97 | 433  | Softmodemutation |    Mo: 36   |    -155.129   |       0.119     |      0.140    |     0.128    |
|  2  | 434  |  RandSymPyXtal   |    Mo: 36   |    -155.126   |       0.119     |      0.137    |     0.122    |
|  17 | 435  |  RandSymPyXtal   |    Mo: 36   |    -155.114   |       0.117     |      0.139    |     0.137    |
| 576 | 436  | Softmodemutation |    Mo: 36   |    -155.106   |       0.120     |      0.138    |     0.114    |
| 655 | 437  | Softmodemutation |    Mo: 36   |    -155.098   |       0.114     |      0.133    |     0.123    |
| 296 | 438  | Softmodemutation |    Mo: 36   |    -155.096   |       0.127     |      0.147    |     0.118    |
| 280 | 439  | Softmodemutation |    Mo: 36   |    -155.084   |       0.118     |      0.138    |     0.122    |
| 557 | 440  |  RandSymPyXtal   |    Mo: 36   |    -155.080   |       0.115     |      0.138    |     0.140    |
| 768 | 441  | Softmodemutation |    Mo: 36   |    -155.049   |       0.123     |      0.139    |     0.106    |
| 185 | 442  |     Heredity     |    Mo: 36   |    -155.043   |       0.113     |      0.138    |     0.149    |
| 892 | 443  | Softmodemutation |    Mo: 36   |    -155.034   |       0.112     |      0.138    |     0.153    |
|  92 | 444  | Softmodemutation |    Mo: 36   |    -155.014   |       0.147     |      0.169    |     0.102    |
| 237 | 445  |  RandSymPyXtal   |    Mo: 36   |    -155.009   |       0.123     |      0.139    |     0.103    |
| 581 | 446  |     Heredity     |    Mo: 36   |    -155.003   |       0.123     |      0.140    |     0.108    |
| 336 | 447  | Softmodemutation |    Mo: 36   |    -154.994   |       0.126     |      0.149    |     0.121    |
|  88 | 448  | Softmodemutation |    Mo: 36   |    -154.993   |       0.135     |      0.153    |     0.108    |
| 998 | 449  |  RandSymPyXtal   |    Mo: 36   |    -154.987   |       0.104     |      0.138    |     0.185    |
| 922 | 450  | Softmodemutation |    Mo: 36   |    -154.975   |       0.116     |      0.139    |     0.138    |
| 298 | 451  | Softmodemutation |    Mo: 36   |    -154.965   |       0.118     |      0.139    |     0.135    |
| 323 | 452  | Softmodemutation |    Mo: 36   |    -154.964   |       0.123     |      0.141    |     0.116    |
| 689 | 453  | Softmodemutation |    Mo: 36   |    -154.958   |       0.135     |      0.147    |     0.077    |
| 527 | 454  | Softmodemutation |    Mo: 36   |    -154.944   |       0.128     |      0.147    |     0.109    |
|  23 | 455  |  RandSymPyXtal   |    Mo: 36   |    -154.939   |       0.172     |      0.179    |     0.043    |
| 924 | 456  | Softmodemutation |    Mo: 36   |    -154.911   |       0.156     |      0.167    |     0.070    |
|  0  | 457  |  RandSymPyXtal   |    Mo: 36   |    -154.910   |       0.115     |      0.139    |     0.148    |
| 200 | 458  | Softmodemutation |    Mo: 36   |    -154.907   |       0.153     |      0.165    |     0.071    |
| 492 | 459  | Softmodemutation |    Mo: 36   |    -154.892   |       0.171     |      0.179    |     0.043    |
| 445 | 460  | Softmodemutation |    Mo: 36   |    -154.884   |       0.118     |      0.139    |     0.121    |
| 813 | 461  | Softmodemutation |    Mo: 36   |    -154.846   |       0.126     |      0.140    |     0.100    |
| 739 | 462  | Softmodemutation |    Mo: 36   |    -154.828   |       0.128     |      0.146    |     0.102    |
|  72 | 463  |  RandSymPyXtal   |    Mo: 36   |    -154.816   |       0.115     |      0.138    |     0.139    |
| 817 | 464  | Softmodemutation |    Mo: 36   |    -154.812   |       0.154     |      0.164    |     0.067    |
| 162 | 465  | Softmodemutation |    Mo: 36   |    -154.789   |       0.124     |      0.144    |     0.116    |
| 120 | 466  | Softmodemutation |    Mo: 36   |    -154.784   |       0.123     |      0.146    |     0.132    |
|  3  | 467  |  RandSymPyXtal   |    Mo: 36   |    -154.774   |       0.138     |      0.157    |     0.103    |
| 806 | 468  | Softmodemutation |    Mo: 36   |    -154.755   |       0.120     |      0.137    |     0.115    |
| 255 | 469  | Softmodemutation |    Mo: 36   |    -154.748   |       0.117     |      0.135    |     0.113    |
| 835 | 470  |  RandSymPyXtal   |    Mo: 36   |    -154.744   |       0.147     |      0.161    |     0.080    |
| 394 | 471  |  RandSymPyXtal   |    Mo: 36   |    -154.742   |       0.115     |      0.136    |     0.132    |
| 644 | 472  | Softmodemutation |    Mo: 36   |    -154.722   |       0.121     |      0.137    |     0.109    |
| 811 | 473  | Softmodemutation |    Mo: 36   |    -154.708   |       0.122     |      0.141    |     0.115    |
| 332 | 474  | Softmodemutation |    Mo: 36   |    -154.680   |       0.166     |      0.176    |     0.049    |
| 969 | 475  | Softmodemutation |    Mo: 36   |    -154.676   |       0.158     |      0.167    |     0.059    |
|  10 | 476  |  RandSymPyXtal   |    Mo: 36   |    -154.632   |       0.117     |      0.136    |     0.121    |
| 697 | 477  | Softmodemutation |    Mo: 36   |    -154.631   |       0.121     |      0.139    |     0.114    |
| 834 | 478  |  RandSymPyXtal   |    Mo: 36   |    -154.624   |       0.113     |      0.134    |     0.134    |
| 762 | 479  | Softmodemutation |    Mo: 36   |    -154.602   |       0.118     |      0.141    |     0.133    |
| 848 | 480  | Softmodemutation |    Mo: 36   |    -154.576   |       0.123     |      0.140    |     0.113    |
| 525 | 481  | Softmodemutation |    Mo: 36   |    -154.573   |       0.126     |      0.142    |     0.105    |
| 596 | 482  |  RandSymPyXtal   |    Mo: 36   |    -154.551   |       0.116     |      0.140    |     0.141    |
| 207 | 483  | Softmodemutation |    Mo: 36   |    -154.550   |       0.122     |      0.141    |     0.116    |
| 398 | 484  |  RandSymPyXtal   |    Mo: 36   |    -154.545   |       0.148     |      0.165    |     0.091    |
|  78 | 485  |  RandSymPyXtal   |    Mo: 36   |    -154.539   |       0.121     |      0.138    |     0.112    |
| 287 | 486  | Softmodemutation |    Mo: 36   |    -154.531   |       0.149     |      0.163    |     0.082    |
| 407 | 487  | Softmodemutation |    Mo: 36   |    -154.520   |       0.123     |      0.142    |     0.112    |
| 939 | 488  | Softmodemutation |    Mo: 36   |    -154.520   |       0.114     |      0.133    |     0.121    |
|  27 | 489  |  RandSymPyXtal   |    Mo: 36   |    -154.514   |       0.117     |      0.143    |     0.145    |
|  77 | 490  |  RandSymPyXtal   |    Mo: 36   |    -154.511   |       0.109     |      0.137    |     0.158    |
| 136 | 491  | Softmodemutation |    Mo: 36   |    -154.503   |       0.118     |      0.136    |     0.120    |
| 925 | 492  | Softmodemutation |    Mo: 36   |    -154.482   |       0.120     |      0.139    |     0.117    |
|  50 | 493  | Softmodemutation |    Mo: 36   |    -154.455   |       0.133     |      0.151    |     0.103    |
| 168 | 494  | Softmodemutation |    Mo: 36   |    -154.406   |       0.132     |      0.149    |     0.101    |
|  81 | 495  | Softmodemutation |    Mo: 36   |    -154.396   |       0.108     |      0.139    |     0.173    |
| 853 | 496  | Softmodemutation |    Mo: 36   |    -154.361   |       0.125     |      0.140    |     0.096    |
| 164 | 497  | Softmodemutation |    Mo: 36   |    -154.353   |       0.129     |      0.148    |     0.109    |
| 523 | 498  | Softmodemutation |    Mo: 36   |    -154.336   |       0.119     |      0.138    |     0.120    |
| 425 | 499  |     Heredity     |    Mo: 36   |    -154.330   |       0.111     |      0.139    |     0.166    |
| 554 | 500  |  RandSymPyXtal   |    Mo: 36   |    -154.330   |       0.127     |      0.146    |     0.114    |
| 672 | 501  |  RandSymPyXtal   |    Mo: 36   |    -154.317   |       0.112     |      0.139    |     0.154    |
| 606 | 502  | Softmodemutation |    Mo: 36   |    -154.305   |       0.122     |      0.139    |     0.112    |
| 189 | 503  |     Heredity     |    Mo: 36   |    -154.271   |       0.124     |      0.141    |     0.108    |
| 847 | 504  | Softmodemutation |    Mo: 36   |    -154.260   |       0.124     |      0.138    |     0.091    |
| 509 | 505  |     Heredity     |    Mo: 36   |    -154.252   |       0.113     |      0.139    |     0.149    |
| 604 | 506  | Softmodemutation |    Mo: 36   |    -154.250   |       0.112     |      0.135    |     0.143    |
| 612 | 507  | Softmodemutation |    Mo: 36   |    -154.249   |       0.119     |      0.139    |     0.116    |
| 284 | 508  | Softmodemutation |    Mo: 36   |    -154.220   |       0.142     |      0.159    |     0.088    |
| 770 | 509  | Softmodemutation |    Mo: 36   |    -154.208   |       0.114     |      0.140    |     0.157    |
| 935 | 510  | Softmodemutation |    Mo: 36   |    -154.199   |       0.159     |      0.169    |     0.055    |
| 320 | 511  | Softmodemutation |    Mo: 36   |    -154.174   |       0.129     |      0.147    |     0.105    |
|  26 | 512  |  RandSymPyXtal   |    Mo: 36   |    -154.167   |       0.161     |      0.170    |     0.054    |
| 516 | 513  |  RandSymPyXtal   |    Mo: 36   |    -154.156   |       0.130     |      0.145    |     0.091    |
| 484 | 514  | Softmodemutation |    Mo: 36   |    -154.154   |       0.117     |      0.136    |     0.123    |
| 124 | 515  | Softmodemutation |    Mo: 36   |    -154.153   |       0.135     |      0.148    |     0.085    |
| 858 | 516  | Softmodemutation |    Mo: 36   |    -154.149   |       0.106     |      0.135    |     0.167    |
| 294 | 517  | Softmodemutation |    Mo: 36   |    -154.140   |       0.128     |      0.143    |     0.100    |
| 210 | 518  | Softmodemutation |    Mo: 36   |    -154.117   |       0.119     |      0.139    |     0.113    |
| 253 | 519  | Softmodemutation |    Mo: 36   |    -154.088   |       0.165     |      0.172    |     0.047    |
| 526 | 520  | Softmodemutation |    Mo: 36   |    -154.087   |       0.117     |      0.138    |     0.133    |
|  55 | 521  |     Heredity     |    Mo: 36   |    -154.034   |       0.129     |      0.144    |     0.094    |
| 715 | 522  |  RandSymPyXtal   |    Mo: 36   |    -154.027   |       0.116     |      0.137    |     0.137    |
| 698 | 523  | Softmodemutation |    Mo: 36   |    -154.002   |       0.122     |      0.138    |     0.106    |
| 622 | 524  |     Heredity     |    Mo: 36   |    -153.985   |       0.112     |      0.136    |     0.148    |
| 560 | 525  | Softmodemutation |    Mo: 36   |    -153.962   |       0.166     |      0.174    |     0.044    |
| 842 | 526  | Softmodemutation |    Mo: 36   |    -153.953   |       0.112     |      0.140    |     0.155    |
| 819 | 527  | Softmodemutation |    Mo: 36   |    -153.919   |       0.126     |      0.139    |     0.097    |
| 292 | 528  | Softmodemutation |    Mo: 36   |    -153.894   |       0.129     |      0.144    |     0.095    |
| 542 | 529  |     Heredity     |    Mo: 36   |    -153.888   |       0.146     |      0.167    |     0.095    |
| 448 | 530  | Softmodemutation |    Mo: 36   |    -153.869   |       0.112     |      0.135    |     0.147    |
| 977 | 531  | Softmodemutation |    Mo: 36   |    -153.864   |       0.112     |      0.134    |     0.138    |
| 357 | 532  |  RandSymPyXtal   |    Mo: 36   |    -153.847   |       0.161     |      0.171    |     0.057    |
| 614 | 533  | Softmodemutation |    Mo: 36   |    -153.824   |       0.145     |      0.156    |     0.073    |
| 192 | 534  |  RandSymPyXtal   |    Mo: 36   |    -153.768   |       0.122     |      0.142    |     0.118    |
| 487 | 535  | Softmodemutation |    Mo: 36   |    -153.744   |       0.167     |      0.175    |     0.048    |
| 838 | 536  |  RandSymPyXtal   |    Mo: 36   |    -153.742   |       0.126     |      0.142    |     0.102    |
| 779 | 537  | Softmodemutation |    Mo: 36   |    -153.720   |       0.129     |      0.144    |     0.094    |
| 232 | 538  |  RandSymPyXtal   |    Mo: 36   |    -153.701   |       0.124     |      0.139    |     0.101    |
| 716 | 539  |  RandSymPyXtal   |    Mo: 36   |    -153.688   |       0.117     |      0.133    |     0.109    |
| 648 | 540  | Softmodemutation |    Mo: 36   |    -153.685   |       0.116     |      0.136    |     0.136    |
| 376 | 541  | Softmodemutation |    Mo: 36   |    -153.673   |       0.120     |      0.141    |     0.125    |
| 408 | 542  | Softmodemutation |    Mo: 36   |    -153.665   |       0.125     |      0.140    |     0.096    |
| 994 | 543  |  RandSymPyXtal   |    Mo: 36   |    -153.603   |       0.165     |      0.173    |     0.047    |
| 337 | 544  | Softmodemutation |    Mo: 36   |    -153.562   |       0.120     |      0.136    |     0.106    |
| 618 | 545  | Softmodemutation |    Mo: 36   |    -153.555   |       0.136     |      0.147    |     0.079    |
| 399 | 546  |  RandSymPyXtal   |    Mo: 36   |    -153.547   |       0.117     |      0.139    |     0.135    |
| 856 | 547  | Softmodemutation |    Mo: 36   |    -153.545   |       0.125     |      0.140    |     0.099    |
| 610 | 548  | Softmodemutation |    Mo: 36   |    -153.525   |       0.115     |      0.136    |     0.132    |
| 877 | 549  |  RandSymPyXtal   |    Mo: 36   |    -153.509   |       0.116     |      0.135    |     0.117    |
| 497 | 550  | Softmodemutation |    Mo: 36   |    -153.487   |       0.115     |      0.134    |     0.127    |
| 926 | 551  | Softmodemutation |    Mo: 36   |    -153.462   |       0.125     |      0.142    |     0.112    |
| 209 | 552  | Softmodemutation |    Mo: 36   |    -153.449   |       0.135     |      0.152    |     0.102    |
| 894 | 553  | Softmodemutation |    Mo: 36   |    -153.437   |       0.126     |      0.145    |     0.108    |
| 197 | 554  |  RandSymPyXtal   |    Mo: 36   |    -153.407   |       0.147     |      0.168    |     0.102    |
| 276 | 555  |  RandSymPyXtal   |    Mo: 36   |    -153.365   |       0.119     |      0.139    |     0.119    |
| 855 | 556  | Softmodemutation |    Mo: 36   |    -153.273   |       0.131     |      0.148    |     0.100    |
| 973 | 557  | Softmodemutation |    Mo: 36   |    -153.267   |       0.113     |      0.134    |     0.139    |
| 268 | 558  |     Heredity     |    Mo: 36   |    -153.241   |       0.119     |      0.140    |     0.127    |
| 178 | 559  | Softmodemutation |    Mo: 36   |    -153.218   |       0.121     |      0.137    |     0.113    |
| 632 | 560  |  RandSymPyXtal   |    Mo: 36   |    -153.214   |       0.117     |      0.141    |     0.141    |
| 248 | 561  | Softmodemutation |    Mo: 36   |    -153.107   |       0.163     |      0.173    |     0.054    |
| 871 | 562  |     Heredity     |    Mo: 36   |    -153.105   |       0.140     |      0.151    |     0.076    |
| 678 | 563  |  RandSymPyXtal   |    Mo: 36   |    -153.093   |       0.170     |      0.175    |     0.032    |
| 103 | 564  |     Heredity     |    Mo: 36   |    -153.092   |       0.122     |      0.142    |     0.122    |
| 713 | 565  |  RandSymPyXtal   |    Mo: 36   |    -153.088   |       0.168     |      0.175    |     0.037    |
| 156 | 566  |  RandSymPyXtal   |    Mo: 36   |    -153.074   |       0.123     |      0.144    |     0.128    |
|  11 | 567  |  RandSymPyXtal   |    Mo: 36   |    -153.007   |       0.145     |      0.159    |     0.086    |
| 458 | 568  | Softmodemutation |    Mo: 36   |    -152.988   |       0.128     |      0.143    |     0.104    |
| 317 | 569  |  RandSymPyXtal   |    Mo: 36   |    -152.941   |       0.118     |      0.139    |     0.128    |
| 879 | 570  |  RandSymPyXtal   |    Mo: 36   |    -152.848   |       0.130     |      0.150    |     0.110    |
| 637 | 571  |  RandSymPyXtal   |    Mo: 36   |    -152.847   |       0.142     |      0.157    |     0.096    |
| 909 | 572  |     Heredity     |    Mo: 36   |    -152.844   |       0.119     |      0.137    |     0.117    |
| 696 | 573  | Softmodemutation |    Mo: 36   |    -152.836   |       0.149     |      0.160    |     0.062    |
| 475 | 574  |  RandSymPyXtal   |    Mo: 36   |    -152.830   |       0.122     |      0.137    |     0.102    |
| 790 | 575  |     Heredity     |    Mo: 36   |    -152.806   |       0.130     |      0.148    |     0.103    |
| 321 | 576  | Softmodemutation |    Mo: 36   |    -152.753   |       0.116     |      0.132    |     0.116    |
|  90 | 577  | Softmodemutation |    Mo: 36   |    -152.732   |       0.131     |      0.146    |     0.099    |
| 875 | 578  |  RandSymPyXtal   |    Mo: 36   |    -152.730   |       0.120     |      0.139    |     0.115    |
| 234 | 579  |  RandSymPyXtal   |    Mo: 36   |    -152.712   |       0.133     |      0.148    |     0.077    |
| 832 | 580  |  RandSymPyXtal   |    Mo: 36   |    -152.698   |       0.115     |      0.133    |     0.124    |
| 746 | 581  |     Heredity     |    Mo: 36   |    -152.694   |       0.116     |      0.142    |     0.149    |
| 474 | 582  |  RandSymPyXtal   |    Mo: 36   |    -152.687   |       0.123     |      0.138    |     0.103    |
| 659 | 583  | Softmodemutation |    Mo: 36   |    -152.686   |       0.140     |      0.154    |     0.092    |
| 728 | 584  | Softmodemutation |    Mo: 36   |    -152.678   |       0.117     |      0.135    |     0.121    |
| 115 | 585  |  RandSymPyXtal   |    Mo: 36   |    -152.646   |       0.114     |      0.142    |     0.155    |
| 771 | 586  | Softmodemutation |    Mo: 36   |    -152.558   |       0.119     |      0.136    |     0.111    |
| 246 | 587  | Softmodemutation |    Mo: 36   |    -152.548   |       0.116     |      0.137    |     0.136    |
| 114 | 588  |  RandSymPyXtal   |    Mo: 36   |    -152.444   |       0.143     |      0.161    |     0.104    |
|  24 | 589  |  RandSymPyXtal   |    Mo: 36   |    -152.426   |       0.160     |      0.168    |     0.052    |
| 235 | 590  |  RandSymPyXtal   |    Mo: 36   |    -152.368   |       0.162     |      0.173    |     0.061    |
| 854 | 591  | Softmodemutation |    Mo: 36   |    -152.325   |       0.125     |      0.142    |     0.106    |
| 436 | 592  |  RandSymPyXtal   |    Mo: 36   |    -152.299   |       0.126     |      0.145    |     0.112    |
| 874 | 593  |  RandSymPyXtal   |    Mo: 36   |    -152.273   |       0.120     |      0.143    |     0.129    |
| 588 | 594  |     Heredity     |    Mo: 36   |    -152.257   |       0.157     |      0.168    |     0.057    |
| 278 | 595  |  RandSymPyXtal   |    Mo: 36   |    -152.185   |       0.114     |      0.132    |     0.120    |
| 639 | 596  |  RandSymPyXtal   |    Mo: 36   |    -152.181   |       0.158     |      0.167    |     0.056    |
|  12 | 597  |  RandSymPyXtal   |    Mo: 36   |    -152.147   |       0.116     |      0.133    |     0.115    |
| 932 | 598  | Softmodemutation |    Mo: 36   |    -152.018   |       0.124     |      0.139    |     0.101    |
| 660 | 599  |     Heredity     |    Mo: 36   |    -152.007   |       0.114     |      0.135    |     0.130    |
| 450 | 600  | Softmodemutation |    Mo: 36   |    -151.976   |       0.137     |      0.156    |     0.096    |
| 719 | 601  |  RandSymPyXtal   |    Mo: 36   |    -151.967   |       0.116     |      0.135    |     0.120    |
| 275 | 602  |  RandSymPyXtal   |    Mo: 36   |    -151.950   |       0.123     |      0.140    |     0.115    |
| 230 | 603  |     Heredity     |    Mo: 36   |    -151.941   |       0.114     |      0.139    |     0.147    |
| 111 | 604  |     Heredity     |    Mo: 36   |    -151.856   |       0.114     |      0.133    |     0.122    |
|  20 | 605  |  RandSymPyXtal   |    Mo: 36   |    -151.806   |       0.126     |      0.141    |     0.098    |
|  74 | 606  |  RandSymPyXtal   |    Mo: 36   |    -151.797   |       0.120     |      0.137    |     0.111    |
| 559 | 607  |  RandSymPyXtal   |    Mo: 36   |    -151.758   |       0.124     |      0.143    |     0.110    |
| 582 | 608  |     Heredity     |    Mo: 36   |    -151.740   |       0.117     |      0.144    |     0.139    |
| 695 | 609  | Softmodemutation |    Mo: 36   |    -151.686   |       0.159     |      0.167    |     0.056    |
| 473 | 610  |  RandSymPyXtal   |    Mo: 36   |    -151.655   |       0.115     |      0.131    |     0.113    |
| 757 | 611  |  RandSymPyXtal   |    Mo: 36   |    -151.583   |       0.141     |      0.156    |     0.090    |
|  33 | 612  |  RandSymPyXtal   |    Mo: 36   |    -151.581   |       0.111     |      0.137    |     0.152    |
| 794 | 613  |  RandSymPyXtal   |    Mo: 36   |    -151.559   |       0.118     |      0.138    |     0.128    |
|  46 | 614  | Softmodemutation |    Mo: 36   |    -151.474   |       0.129     |      0.143    |     0.088    |
| 314 | 615  |  RandSymPyXtal   |    Mo: 36   |    -151.419   |       0.121     |      0.137    |     0.107    |
| 952 | 616  |     Heredity     |    Mo: 36   |    -151.396   |       0.129     |      0.148    |     0.114    |
| 273 | 617  |  RandSymPyXtal   |    Mo: 36   |    -151.356   |       0.113     |      0.132    |     0.127    |
| 975 | 618  | Softmodemutation |    Mo: 36   |    -151.356   |       0.113     |      0.138    |     0.147    |
| 736 | 619  | Softmodemutation |    Mo: 36   |    -151.338   |       0.155     |      0.166    |     0.062    |
| 244 | 620  | Softmodemutation |    Mo: 36   |    -151.326   |       0.139     |      0.161    |     0.104    |
| 451 | 621  | Softmodemutation |    Mo: 36   |    -151.302   |       0.130     |      0.147    |     0.105    |
| 356 | 622  |  RandSymPyXtal   |    Mo: 36   |    -151.296   |       0.122     |      0.139    |     0.110    |
| 755 | 623  |  RandSymPyXtal   |    Mo: 36   |    -151.255   |       0.112     |      0.134    |     0.133    |
|  14 | 624  |  RandSymPyXtal   |    Mo: 36   |    -151.234   |       0.121     |      0.136    |     0.102    |
| 633 | 625  |  RandSymPyXtal   |    Mo: 36   |    -151.197   |       0.141     |      0.156    |     0.085    |
| 258 | 626  | Softmodemutation |    Mo: 36   |    -151.195   |       0.115     |      0.134    |     0.123    |
| 163 | 627  | Softmodemutation |    Mo: 36   |    -151.191   |       0.118     |      0.140    |     0.132    |
| 594 | 628  |  RandSymPyXtal   |    Mo: 36   |    -151.152   |       0.123     |      0.142    |     0.117    |
| 315 | 629  |  RandSymPyXtal   |    Mo: 36   |    -151.148   |       0.140     |      0.155    |     0.092    |
| 478 | 630  |  RandSymPyXtal   |    Mo: 36   |    -151.100   |       0.128     |      0.144    |     0.102    |
| 471 | 631  |     Heredity     |    Mo: 36   |    -151.064   |       0.116     |      0.137    |     0.133    |
| 195 | 632  |  RandSymPyXtal   |    Mo: 36   |    -151.049   |       0.120     |      0.136    |     0.104    |
| 257 | 633  | Softmodemutation |    Mo: 36   |    -150.869   |       0.127     |      0.144    |     0.107    |
|  1  | 634  |  RandSymPyXtal   |    Mo: 36   |    -150.838   |       0.163     |      0.171    |     0.053    |
| 472 | 635  |  RandSymPyXtal   |    Mo: 36   |    -150.711   |       0.113     |      0.138    |     0.108    |
|  37 | 636  |  RandSymPyXtal   |    Mo: 36   |    -150.707   |       0.119     |      0.134    |     0.105    |
|  34 | 637  |  RandSymPyXtal   |    Mo: 36   |    -150.388   |       0.118     |      0.136    |     0.116    |
| 680 | 638  | Softmodemutation |    Mo: 36   |    -150.368   |       0.137     |      0.150    |     0.087    |
| 113 | 639  |  RandSymPyXtal   |    Mo: 36   |    -150.361   |       0.123     |      0.139    |     0.108    |
| 752 | 640  |  RandSymPyXtal   |    Mo: 36   |    -150.354   |       0.112     |      0.130    |     0.116    |
| 674 | 641  |  RandSymPyXtal   |    Mo: 36   |    -150.302   |       0.112     |      0.132    |     0.131    |
|  98 | 642  | Softmodemutation |    Mo: 36   |    -150.293   |       0.123     |      0.138    |     0.098    |
| 254 | 643  | Softmodemutation |    Mo: 36   |    -150.268   |       0.125     |      0.141    |     0.099    |
| 714 | 644  |  RandSymPyXtal   |    Mo: 36   |    -150.213   |       0.134     |      0.148    |     0.093    |
| 913 | 645  |  RandSymPyXtal   |    Mo: 36   |    -150.085   |       0.122     |      0.137    |     0.099    |
| 778 | 646  | Softmodemutation |    Mo: 36   |    -149.967   |       0.111     |      0.137    |     0.151    |
| 194 | 647  |  RandSymPyXtal   |    Mo: 36   |    -149.915   |       0.113     |      0.139    |     0.159    |
| 836 | 648  |  RandSymPyXtal   |    Mo: 36   |    -149.883   |       0.119     |      0.135    |     0.113    |
| 434 | 649  |  RandSymPyXtal   |    Mo: 36   |    -149.822   |       0.113     |      0.130    |     0.117    |
| 553 | 650  |  RandSymPyXtal   |    Mo: 36   |    -149.761   |       0.114     |      0.131    |     0.122    |
| 999 | 651  |  RandSymPyXtal   |    Mo: 36   |    -149.631   |       0.128     |      0.146    |     0.105    |
| 993 | 652  |  RandSymPyXtal   |    Mo: 36   |    -149.544   |       0.161     |      0.170    |     0.051    |
| 673 | 653  |  RandSymPyXtal   |    Mo: 36   |    -149.539   |       0.113     |      0.131    |     0.121    |
| 872 | 654  |  RandSymPyXtal   |    Mo: 36   |    -149.492   |       0.131     |      0.147    |     0.102    |
| 954 | 655  |  RandSymPyXtal   |    Mo: 36   |    -149.407   |       0.121     |      0.138    |     0.108    |
| 470 | 656  |     Heredity     |    Mo: 36   |    -149.392   |       0.114     |      0.135    |     0.128    |
| 653 | 657  | Softmodemutation |    Mo: 36   |    -149.382   |       0.120     |      0.139    |     0.121    |
| 947 | 658  |     Heredity     |    Mo: 36   |    -149.284   |       0.141     |      0.154    |     0.082    |
| 393 | 659  |  RandSymPyXtal   |    Mo: 36   |    -149.274   |       0.129     |      0.146    |     0.096    |
| 515 | 660  |  RandSymPyXtal   |    Mo: 36   |    -149.029   |       0.116     |      0.135    |     0.118    |
|  6  | 661  |  RandSymPyXtal   |    Mo: 36   |    -148.948   |       0.119     |      0.136    |     0.108    |
| 465 | 662  |     Heredity     |    Mo: 36   |    -148.904   |       0.128     |      0.141    |     0.090    |
| 476 | 663  |  RandSymPyXtal   |    Mo: 36   |    -148.884   |       0.119     |      0.135    |     0.100    |
| 917 | 664  |  RandSymPyXtal   |    Mo: 36   |    -148.794   |       0.132     |      0.149    |     0.103    |
| 489 | 665  | Softmodemutation |    Mo: 36   |    -148.653   |       0.122     |      0.137    |     0.101    |
| 634 | 666  |  RandSymPyXtal   |    Mo: 36   |    -148.613   |       0.114     |      0.132    |     0.124    |
| 501 | 667  |     Heredity     |    Mo: 36   |    -148.485   |       0.160     |      0.167    |     0.050    |
|  62 | 668  |     Heredity     |    Mo: 36   |    -148.466   |       0.119     |      0.139    |     0.111    |
| 609 | 669  | Softmodemutation |    Mo: 36   |    -148.341   |       0.110     |      0.131    |     0.145    |
|  22 | 670  |  RandSymPyXtal   |    Mo: 36   |    -148.270   |       0.127     |      0.142    |     0.093    |
| 556 | 671  |  RandSymPyXtal   |    Mo: 36   |    -148.136   |       0.128     |      0.148    |     0.113    |
| 904 | 672  |     Heredity     |    Mo: 36   |    -148.002   |       0.151     |      0.160    |     0.057    |
| 756 | 673  |  RandSymPyXtal   |    Mo: 36   |    -147.828   |       0.113     |      0.133    |     0.128    |
| 911 | 674  |     Heredity     |    Mo: 36   |    -147.800   |       0.115     |      0.138    |     0.131    |
| 117 | 675  |  RandSymPyXtal   |    Mo: 36   |    -147.612   |       0.121     |      0.137    |     0.102    |
| 267 | 676  |     Heredity     |    Mo: 36   |    -147.539   |       0.118     |      0.134    |     0.102    |
| 793 | 677  |  RandSymPyXtal   |    Mo: 36   |    -147.490   |       0.129     |      0.142    |     0.087    |
| 264 | 678  |     Heredity     |    Mo: 36   |    -147.113   |       0.136     |      0.151    |     0.092    |
| 388 | 679  |     Heredity     |    Mo: 36   |    -147.111   |       0.119     |      0.140    |     0.122    |
| 233 | 680  |  RandSymPyXtal   |    Mo: 36   |    -146.955   |       0.126     |      0.142    |     0.110    |
| 956 | 681  |  RandSymPyXtal   |    Mo: 36   |    -146.791   |       0.111     |      0.131    |     0.136    |
| 463 | 682  |     Heredity     |    Mo: 36   |    -146.539   |       0.118     |      0.133    |     0.097    |
| 997 | 683  |  RandSymPyXtal   |    Mo: 36   |    -146.071   |       0.150     |      0.163    |     0.079    |
| 951 | 684  |     Heredity     |    Mo: 36   |    -145.961   |       0.124     |      0.140    |     0.102    |
| 995 | 685  |  RandSymPyXtal   |    Mo: 36   |    -145.908   |       0.123     |      0.138    |     0.093    |
| 593 | 686  |  RandSymPyXtal   |    Mo: 36   |    -145.727   |       0.119     |      0.139    |     0.120    |
| 915 | 687  |  RandSymPyXtal   |    Mo: 36   |    -145.454   |       0.114     |      0.130    |     0.109    |
| 992 | 688  |  RandSymPyXtal   |    Mo: 36   |    -145.309   |       0.112     |      0.131    |     0.124    |
| 876 | 689  |  RandSymPyXtal   |    Mo: 36   |    -145.080   |       0.127     |      0.141    |     0.095    |
|  32 | 690  |  RandSymPyXtal   |    Mo: 36   |    -144.946   |       0.113     |      0.137    |     0.138    |
| 261 | 691  |     Heredity     |    Mo: 36   |    -144.306   |       0.121     |      0.138    |     0.109    |
| 460 | 692  |     Heredity     |    Mo: 36   |    -144.117   |       0.119     |      0.136    |     0.110    |
| 433 | 693  |  RandSymPyXtal   |    Mo: 36   |    -144.091   |       0.128     |      0.149    |     0.128    |
| 279 | 694  |  RandSymPyXtal   |    Mo: 36   |    -143.711   |       0.128     |      0.155    |     0.116    |
|  28 | 695  |  RandSymPyXtal   |    Mo: 36   |    -143.708   |       0.152     |      0.161    |     0.054    |
|  8  | 696  |  RandSymPyXtal   |    Mo: 36   |    -143.624   |       0.120     |      0.135    |     0.101    |
| 119 | 697  |  RandSymPyXtal   |    Mo: 36   |    -143.602   |       0.154     |      0.159    |     0.035    |
| 918 | 698  |  RandSymPyXtal   |    Mo: 36   |    -142.430   |       0.097     |      0.125    |     0.157    |
| 158 | 699  |  RandSymPyXtal   |    Mo: 36   |    -142.130   |       0.128     |      0.137    |     0.065    |
| 708 | 700  |     Heredity     |    Mo: 36   |    -141.848   |       0.111     |      0.131    |     0.126    |
| 676 | 701  |  RandSymPyXtal   |    Mo: 36   |    -141.751   |       0.160     |      0.163    |     0.024    |
|  36 | 702  |  RandSymPyXtal   |    Mo: 36   |    -139.360   |       0.121     |      0.138    |     0.111    |
| 587 | 703  |     Heredity     |    Mo: 36   |    -138.667   |       0.126     |      0.138    |     0.081    |
| 395 | 704  |  RandSymPyXtal   |    Mo: 36   |    -138.472   |       0.117     |      0.129    |     0.091    |
|  13 | 705  |  RandSymPyXtal   |    Mo: 36   |    -137.643   |       0.121     |      0.133    |     0.086    |
| 878 | 706  |  RandSymPyXtal   |    Mo: 36   |    -133.949   |       0.132     |      0.141    |     0.063    |
| 277 | 707  |  RandSymPyXtal   |    Mo: 36   |    -133.943   |       0.131     |      0.140    |     0.064    |
| 312 | 708  |  RandSymPyXtal   |    Mo: 36   |    -133.336   |       0.117     |      0.133    |     0.104    |
| 479 | 709  |  RandSymPyXtal   |    Mo: 36   |    -130.322   |       0.113     |      0.133    |     0.124    |
| 552 | 710  |  RandSymPyXtal   |    Mo: 36   |    -123.131   |       0.097     |      0.119    |     0.132    |
| 839 | 711  |  RandSymPyXtal   |    Mo: 36   |    -118.379   |       0.094     |      0.115    |     0.138    |
| 437 | 712  |  RandSymPyXtal   |    Mo: 36   |    -112.119   |       0.097     |      0.114    |     0.132    |
+-----+------+------------------+-------------+---------------+-----------------+---------------+--------------+
